0, 1001364, 1, 0, 0, 0.0180595983
1, 1001355, 9, 1, 0, 0.0163911078
2, 1001347, 14, 4, 0, 0.0180103295
3, 1001340, 19, 5, 1, 0.0224317182
4, 1001322, 33, 8, 2, 0.0307017919
5, 1001302, 46, 9, 8, 0.0407005921
6, 1001278, 59, 17, 11, 0.0544836335
7, 1001248, 78, 21, 18, 0.0760269612
8, 1001199, 116, 29, 21, 0.1055034399
9, 1001148, 150, 38, 29, 0.1454034895
10, 1001068, 205, 50, 42, 0.1927817315
11, 1000943, 286, 80, 56, 0.2693774402
12, 1000764, 405, 121, 75, 0.3898534477
13, 1000517, 574, 161, 113, 0.5532894135
14, 1000188, 806, 217, 154, 0.7663670778
15, 999718, 1117, 324, 206, 1.0814241171
16, 998980, 1615, 475, 295, 1.5512483120
17, 998005, 2268, 661, 431, 2.2344577312
18, 996548, 3286, 932, 599, 3.1633882523
19, 994507, 4678, 1350, 830, 4.5264644623
20, 991669, 6619, 1915, 1162, 6.4556689262
21, 987493, 9494, 2716, 1662, 9.2089862823
22, 981665, 13455, 3860, 2385, 13.0780506134
23, 973459, 19037, 5489, 3380, 18.5332736969
24, 961956, 26744, 7825, 4840, 26.3745861053
25, 946011, 37328, 11152, 6874, 37.5303001404
26, 923408, 52522, 15723, 9712, 53.3679771423
27, 892331, 73202, 22086, 13746, 75.4784774780
28, 850547, 100549, 30828, 19441, 106.1604843140
29, 795123, 136378, 42476, 27388, 148.6575164795
30, 724209, 180958, 57881, 38317, 206.1080474854
31, 635890, 234776, 77877, 52822, 283.0427551270
32, 532707, 293892, 102545, 72221, 383.9681396484
33, 417620, 352947, 132677, 98121, 514.9072265625
34, 301792, 403895, 164545, 131133, 675.1442871094
35, 198673, 434668, 196667, 171357, 860.2458496094
36, 117713, 440388, 224876, 218388, 1062.2489013672
37, 62780, 422106, 245762, 270717, 1265.6132812500
38, 30201, 386563, 258293, 326308, 1457.5681152344
39, 13107, 342505, 262322, 383431, 1625.0325927734
40, 5186, 296324, 259398, 440457, 1760.0957031250
41, 2001, 253318, 249227, 496819, 1856.5179443359
42, 795, 215408, 235773, 549389, 1912.8908691406
43, 294, 182737, 219315, 599019, 1931.9484863281
44, 106, 154584, 202220, 644455, 1918.5081787109
45, 44, 130913, 184093, 686315, 1877.0526123047
46, 21, 110792, 166279, 724273, 1812.5905761719
47, 6, 93629, 149250, 758480, 1730.7072753906
48, 4, 79245, 132814, 789302, 1635.8895263672
49, 1, 67033, 117771, 816560, 1532.3717041016
50, 0, 56772, 104239, 840354, 1424.4547119141
51, 0, 48054, 91631, 861680, 1315.0733642578
52, 0, 40666, 80347, 880352, 1206.5808105469
53, 0, 34439, 70421, 896505, 1100.9703369141
54, 0, 29138, 61356, 910871, 999.4850463867
55, 0, 24704, 53332, 923329, 903.1278076172
56, 0, 20948, 46250, 934167, 812.6672973633
57, 0, 17709, 40097, 943559, 728.4451904297
58, 0, 15003, 34747, 951615, 650.7601928711
59, 0, 12657, 30001, 958707, 579.5506591797
60, 0, 10695, 25828, 964842, 514.5199584961
61, 0, 9003, 22413, 969949, 455.6629028320
62, 0, 7656, 19292, 974417, 402.6670837402
63, 0, 6528, 16527, 978310, 354.9542846680
64, 0, 5555, 14141, 981669, 312.1130065918
65, 0, 4718, 12156, 984491, 273.8488769531
66, 0, 3976, 10452, 986937, 239.9014739990
67, 0, 3376, 8882, 989107, 209.7158966064
68, 0, 2831, 7630, 990904, 182.9843139648
69, 0, 2401, 6544, 992420, 159.4601440430
70, 0, 2046, 5574, 993745, 138.7823028564
71, 0, 1732, 4778, 994855, 120.6135559082
72, 0, 1477, 4052, 995836, 104.6783981323
73, 0, 1243, 3485, 996637, 90.7522430420
74, 0, 1052, 2960, 997353, 78.5884933472
75, 0, 901, 2516, 997948, 67.9724426270
76, 0, 773, 2101, 998491, 58.6966514587
77, 0, 657, 1779, 998929, 50.5662460327
78, 0, 545, 1572, 999248, 43.5812568665
79, 0, 458, 1323, 999584, 37.5827560425
80, 0, 393, 1129, 999843, 32.3654632568
81, 0, 332, 967, 1000066, 27.8282318115
82, 0, 287, 811, 1000267, 23.9556732178
83, 0, 246, 702, 1000417, 20.5838050842
84, 0, 205, 606, 1000554, 17.6979732513
85, 0, 183, 494, 1000688, 15.1667652130
86, 0, 147, 441, 1000777, 13.0236902237
87, 0, 119, 383, 1000863, 11.1623678207
88, 0, 103, 317, 1000945, 9.5767126083
89, 0, 89, 270, 1001006, 8.2208795547
90, 0, 79, 237, 1001049, 7.0442953110
91, 0, 74, 191, 1001100, 6.0583181381
92, 0, 61, 157, 1001147, 5.1705951691
93, 0, 55, 128, 1001182, 4.3923001289
94, 0, 47, 110, 1001208, 3.6662161350
95, 0, 41, 103, 1001221, 3.1988253593
96, 0, 34, 83, 1001248, 2.7272145748
97, 0, 32, 74, 1001259, 2.3111104965
98, 0, 28, 63, 1001274, 1.9763643742
99, 0, 26, 51, 1001288, 1.6887762547
100, 0, 19, 52, 1001294, 1.4292098284
101, 0, 15, 45, 1001305, 1.2343304157
102, 0, 12, 39, 1001314, 1.0421797037
103, 0, 11, 34, 1001320, 0.8434129953
104, 0, 9, 34, 1001322, 0.7782325149
105, 0, 8, 26, 1001331, 0.6941360235
106, 0, 6, 24, 1001335, 0.5644623041
107, 0, 6, 21, 1001338, 0.5161826015
108, 0, 5, 15, 1001345, 0.3852513731
109, 0, 5, 14, 1001346, 0.3516458571
110, 0, 5, 10, 1001350, 0.3113339543
111, 0, 4, 8, 1001353, 0.2693740427
112, 0, 3, 7, 1001355, 0.2111464888
113, 0, 3, 6, 1001356, 0.1790633798
115, 0, 3, 5, 1001357, 0.1384000182
115, 0, 3, 4, 1001358, 0.1306813806
116, 0, 3, 1, 1001361, 0.1067110449
117, 0, 3, 0, 1001362, 0.0811154842
118, 0, 2, 1, 1001362, 0.0712712333
120, 0, 0, 3, 1001362, 0.0413944684
127, 0, 0, 2, 1001363, 0.0218486879
127, 0, 0, 1, 1001364, 0.0215389989
127, 0, 0, 0, 1001365, 0.0206458550
