0.0, 1001365, 0, 0, 0, 0.01877559375, 
1.0000000000000007, 1001350.0, 13.0, 2.0, 0.0, 0.016030863210040016, 
2.0009999999998906, 1001339.0, 20.0, 6.0, 0.0, 0.023372215964029296, 
3.0009999999997805, 1001316.0, 38.0, 10.0, 1.0, 0.04168076810118099, 
4.000999999999671, 1001280.0, 66.0, 16.0, 3.0, 0.06846378976871725, 
5.000000000000004, 1001236.0, 97.0, 25.0, 7.0, 0.11095823945031341, 
6.000000000000338, 1001162.0, 144.0, 41.0, 18.0, 0.17972953463440383, 
7.000000000000672, 1001048.0, 217.0, 75.0, 25.0, 0.2976483893568955, 
8.000000000001005, 1000865.0, 350.0, 99.0, 51.0, 0.4569174156662712, 
9.000000000000451, 1000582.0, 567.0, 137.0, 79.0, 0.663663286864439, 
10.000999999999896, 1000115.0, 911.0, 224.0, 115.0, 1.014540083436337, 
11.000999999999342, 999415.0, 1427.0, 353.0, 170.0, 1.5474542247566572, 
12.000999999998788, 998353.0, 2181.0, 572.0, 259.0, 2.448310834862884, 
13.000999999998234, 996731.0, 3364.0, 856.0, 414.0, 3.7845129147398446, 
14.00099999999768, 994166.0, 5237.0, 1342.0, 620.0, 5.8503858903588855, 
15.000999999997125, 990258.0, 8076.0, 2064.0, 967.0, 8.992823628335131, 
16.000999999996573, 984411.0, 12289.0, 3120.0, 1545.0, 13.743430497151985, 
17.000999999997795, 975512.0, 18620.0, 4839.0, 2394.0, 21.06650818583628, 
18.000999999999017, 962062.0, 28249.0, 7378.0, 3676.0, 31.917998041344635, 
19.000000000000238, 941773.0, 42739.0, 11188.0, 5665.0, 48.66931218628959, 
20.00000000000146, 911969.0, 63628.0, 17154.0, 8614.0, 73.17781286033954, 
21.000000000002682, 869107.0, 93405.0, 25604.0, 13249.0, 108.44945201921134, 
22.000000000003904, 810361.0, 133606.0, 37547.0, 19851.0, 158.99211573587826, 
23.000000000005127, 731006.0, 186656.0, 53991.0, 29712.0, 233.17370838048143, 
24.00000000000635, 629901.0, 251341.0, 76530.0, 43593.0, 328.9016287796667, 
25.00000000000757, 511902.0, 321976.0, 104262.0, 63225.0, 451.6533119446081, 
26.000000000008793, 384936.0, 389452.0, 137775.0, 89202.0, 615.9716035845577, 
27.000000000010015, 262420.0, 441841.0, 174156.0, 122948.0, 818.552488851875, 
28.000000000011237, 159678.0, 467768.0, 209160.0, 164759.0, 1035.064760938484, 
29.00000000001246, 86282.0, 463078.0, 238715.0, 213290.0, 1274.308104216349, 
30.00000000001368, 41604.0, 433005.0, 259320.0, 267436.0, 1493.9967668389022, 
31.000000000014904, 17589.0, 388635.0, 270447.0, 324694.0, 1706.4339589528727, 
32.00000000001612, 6821.0, 338934.0, 271819.0, 383791.0, 1848.8511423909401, 
33.00000000001379, 2429.0, 290743.0, 266160.0, 442033.0, 1970.8364011047065, 
34.00000000001146, 845.0, 247592.0, 254374.0, 498554.0, 2036.631678814608, 
35.00000000000913, 267.0, 210131.0, 239005.0, 551962.0, 2062.4285950081407, 
36.0000000000068, 100.0, 178099.0, 221292.0, 601874.0, 2055.4308528916213, 
37.00000000000447, 35.0, 150875.0, 202605.0, 647850.0, 2015.987912150979, 
38.00000000000214, 8.0, 127812.0, 183822.0, 689723.0, 1940.5040019034775, 
39.000999999999806, 2.0, 108238.0, 165242.0, 727883.0, 1823.238248788842, 
40.000999999997475, 1.0, 91683.0, 147864.0, 761817.0, 1707.378677771535, 
41.000999999995145, 1.0, 77627.0, 131830.0, 791907.0, 1590.0123165939349, 
42.000999999992814, 1.0, 65704.0, 116734.0, 818926.0, 1460.52670893589, 
43.00099999999048, 1.0, 55513.0, 103101.0, 842750.0, 1339.5735967400828, 
44.00099999998815, 0.0, 47097.0, 90549.0, 863719.0, 1222.7597767304305, 
45.00099999998582, 0.0, 39937.0, 79389.0, 882039.0, 1108.386885636964, 
46.00099999998349, 0.0, 33933.0, 69383.0, 898049.0, 990.6855025719422, 
47.00099999998116, 0.0, 28694.0, 60507.0, 912164.0, 879.5494105623443, 
48.00099999997883, 0.0, 24332.0, 52742.0, 924291.0, 779.6638070795503, 
49.0009999999765, 0.0, 20613.0, 45845.0, 934907.0, 693.122448499383, 
50.00099999997417, 0.0, 17566.0, 39749.0, 944050.0, 602.9881501045592, 
51.00099999997184, 0.0, 14830.0, 34528.0, 952007.0, 523.9951068376646, 
52.00099999996951, 0.0, 12563.0, 29872.0, 958930.0, 458.33733860200834, 
53.00099999996718, 0.0, 10707.0, 25625.0, 965033.0, 398.1867465443303, 
54.00099999996485, 0.0, 9067.0, 22054.0, 970244.0, 342.1726572531964, 
55.00099999996252, 0.0, 7650.0, 19105.0, 974610.0, 295.0421216116293, 
56.000999999960186, 0.0, 6500.0, 16516.0, 978349.0, 253.30265302078362, 
57.000999999957855, 0.0, 5447.0, 14216.0, 981702.0, 217.97288376995795, 
58.000999999955525, 0.0, 4591.0, 12217.0, 984557.0, 186.70882490989635, 
59.000999999953194, 0.0, 3912.0, 10391.0, 987062.0, 159.19457722939163, 
60.000999999950864, 0.0, 3335.0, 8881.0, 989149.0, 135.4887935970428, 
61.00099999994853, 0.0, 2795.0, 7558.0, 991012.0, 114.72812358299262, 
62.0009999999462, 0.0, 2385.0, 6418.0, 992562.0, 97.68486189688758, 
63.00099999994387, 0.0, 2007.0, 5514.0, 993844.0, 82.92361106977154, 
64.00099999994154, 0.0, 1699.0, 4726.0, 994940.0, 70.58655823845318, 
65.00099999994632, 0.0, 1423.0, 4054.0, 995888.0, 59.86068362138855, 
66.00099999995109, 0.0, 1209.0, 3444.0, 996712.0, 50.70854390508614, 
67.00099999995587, 0.0, 1030.0, 2980.0, 997355.0, 43.115582535799, 
68.00099999996064, 0.0, 882.0, 2555.0, 997928.0, 36.799676018256385, 
69.00099999996542, 0.0, 744.0, 2202.0, 998419.0, 31.302457885207687, 
70.00099999997019, 0.0, 633.0, 1875.0, 998857.0, 26.65293609793955, 
71.00099999997497, 0.0, 546.0, 1575.0, 999244.0, 22.738967133651265, 
72.00099999997974, 0.0, 477.0, 1335.0, 999553.0, 19.335856881342348, 
73.00099999998451, 0.0, 405.0, 1140.0, 999820.0, 16.432245366319233, 
74.00099999998929, 0.0, 339.0, 988.0, 1000038.0, 14.017809039322334, 
75.00099999999406, 0.0, 288.0, 822.0, 1000255.0, 11.932148001027537, 
76.00099999999884, 0.0, 251.0, 702.0, 1000412.0, 10.130086128420144, 
77.00000000000361, 0.0, 223.0, 586.0, 1000556.0, 8.5971987625682, 
78.00000000000838, 0.0, 194.0, 486.0, 1000685.0, 7.2505920541119995, 
79.00000000001316, 0.0, 167.0, 413.0, 1000785.0, 6.083061204336171, 
80.00000000001793, 0.0, 139.0, 362.0, 1000864.0, 5.151358218125172, 
81.00000000002271, 0.0, 114.0, 313.0, 1000938.0, 4.384176336199141, 
82.00000000002748, 0.0, 92.0, 270.0, 1001003.0, 3.7448010528551845, 
83.00000000003226, 0.0, 81.0, 229.0, 1001055.0, 3.194324702834636, 
84.00000000003703, 0.0, 74.0, 191.0, 1001100.0, 2.718035318579688, 
85.00000000004181, 0.0, 60.0, 160.0, 1001145.0, 2.3058871831460013, 
86.00000000004658, 0.0, 48.0, 140.0, 1001177.0, 1.9641994228027408, 
87.00000000005136, 0.0, 43.0, 126.0, 1001196.0, 1.684696640343886, 
88.00000000005613, 0.0, 34.0, 113.0, 1001218.0, 1.4587854357490622, 
89.00000000006091, 0.0, 26.0, 95.0, 1001244.0, 1.2735282625633149, 
90.00000000006568, 0.0, 23.0, 81.0, 1001261.0, 1.093889307515833, 
91.00000000007046, 0.0, 20.0, 71.0, 1001274.0, 0.9440730735508576, 
92.00000000007523, 0.0, 17.0, 59.0, 1001289.0, 0.8181315972535687, 
93.00000000008001, 0.0, 13.0, 49.0, 1001303.0, 0.6942529111338325, 
94.00000000008478, 0.0, 6.0, 49.0, 1001310.0, 0.6044985142202275, 
95.00000000008956, 0.0, 5.0, 35.0, 1001325.0, 0.522386205896201, 
96.00000000009433, 0.0, 2.0, 29.0, 1001334.0, 0.43510799667982636, 
97.0000000000991, 0.0, 2.0, 27.0, 1001336.0, 0.3705615935629774, 
98.00000000010388, 0.0, 1.0, 23.0, 1001341.0, 0.31558322277324147, 
99.00000000010866, 0.0, 1.0, 18.0, 1001346.0, 0.2632968983365015, 
100.00000000011343, 0.0, 1.0, 16.0, 1001348.0, 0.22246006785207628, 
101.0000000001182, 0.0, 1.0, 14.0, 1001350.0, 0.1923040942457502, 
102.00000000012298, 0.0, 1.0, 11.0, 1001353.0, 0.1637423402802031, 
103.00000000012776, 0.0, 1.0, 11.0, 1001353.0, 0.14016067010265768, 
104.00000000013253, 0.0, 1.0, 8.0, 1001356.0, 0.11879625331372594, 
105.0000000001373, 0.0, 1.0, 6.0, 1001358.0, 0.09797244051492698, 
106.00000000014208, 0.0, 1.0, 4.0, 1001360.0, 0.07649566476555542, 
107.00000000014685, 0.0, 1.0, 2.0, 1001362.0, 0.05737289684705845, 
108.00000000015163, 0.0, 1.0, 2.0, 1001362.0, 0.043501583461388264, 
109.0000000001564, 0.0, 1.0, 1.0, 1001363.0, 0.03456273825769004, 
110.00000000016118, 0.0, 1.0, 1.0, 1001363.0, 0.027544490381396242, 
111.00000000016595, 0.0, 1.0, 1.0, 1001363.0, 0.023438939237452, 
112.00000000017073, 0.0, 1.0, 1.0, 1001363.0, 0.021212700182822637, 
113.0000000001755, 0.0, 1.0, 1.0, 1001363.0, 0.019326090622869226, 
114.00000000018028, 0.0, 1.0, 0.0, 1001364.0, 0.016641643314389176, 
115.00000000018505, 0.0, 1.0, 0.0, 1001364.0, 0.01410283558945529, 
116.00000000018983, 0.0, 0.0, 1.0, 1001364.0, 0.012742508229650682, 
117.0000000001946, 0.0, 0.0, 1.0, 1001364.0, 0.012148090093110695, 
118.00000000019938, 0.0, 0.0, 1.0, 1001364.0, 0.01164435490947256, 
119.00000000020415, 0.0, 0.0, 1.0, 1001364.0, 0.011217468312922928, 
120.00000000020893, 0.0, 0.0, 1.0, 1001364.0, 0.01085570647409802, 
121.0000000002137, 0.0, 0.0, 0.0, 1001365.0, 0.00985454429001255, 
122.00000000021848, 0.0, 0.0, 0.0, 1001365.0, 0.008351159516253193, 
123.00000000022325, 0.0, 0.0, 0.0, 1001365.0, 0.0070771273854427314, 
124.00000000022803, 0.0, 0.0, 0.0, 1001365.0, 0.005997458428653605, 
125.0000000002328, 0.0, 0.0, 0.0, 1001365.0, 0.00508250108333723, 
126.00000000023758, 0.0, 0.0, 0.0, 1001365.0, 0.004307127355599391, 
127.00000000024235, 0.0, 0.0, 0.0, 1001365.0, 0.0036500427158141467, 
128.00000000024713, 0.0, 0.0, 0.0, 1001365.0, 0.0030932012748468903, 
129.0000000002519, 0.0, 0.0, 0.0, 1001365.0, 0.002621310179538623, 
130.00000000025668, 0.0, 0.0, 0.0, 1001365.0, 0.0022214096163829288, 
131.00000000026145, 0.0, 0.0, 0.0, 1001365.0, 0.0018825168887976113, 
132.00000000026623, 0.0, 0.0, 0.0, 1001365.0, 0.0015953247930827945, 
133.000000000271, 0.0, 0.0, 0.0, 1001365.0, 0.0013519460093928987, 
134.00000000027578, 0.0, 0.0, 0.0, 1001365.0, 0.0011456964877863103, 
135.00000000028055, 0.0, 0.0, 0.0, 1001365.0, 0.0009709118803607615, 
136.00000000028533, 0.0, 0.0, 0.0, 1001365.0, 0.0008227919780456651, 
137.0000000002901, 0.0, 0.0, 0.0, 1001365.0, 0.0006972688797306207, 
138.00000000029488, 0.0, 0.0, 0.0, 1001365.0, 0.0005908952731838752, 
139.00000000029965, 0.0, 0.0, 0.0, 1001365.0, 0.0005007497595560819, 
140.00000000030442, 0.0, 0.0, 0.0, 1001365.0, 0.00042435662134234913, 
141.0000000003092, 0.0, 0.0, 0.0, 1001365.0, 0.0003596178303445113, 
142.00000000031397, 0.0, 0.0, 0.0, 1001365.0, 0.0003047554283296094, 
143.00000000031875, 0.0, 0.0, 0.0, 1001365.0, 0.00025826269795184946, 
144.00000000032352, 0.0, 0.0, 0.0, 1001365.0, 0.00021886278291728632, 
145.0000000003283, 0.0, 0.0, 0.0, 1001365.0, 0.0001854736209533055, 
146.00000000033307, 0.0, 0.0, 0.0, 1001365.0, 0.00015717822651707436, 
147.00000000033785, 0.0, 0.0, 0.0, 1001365.0, 0.00013319950710010878, 
148.00000000034262, 0.0, 0.0, 0.0, 1001365.0, 0.00011287892149479465, 
149.0000000003474, 0.0, 0.0, 0.0, 1001365.0, 9.565839390270245e-05, 
150.00000000035217, 0.0, 0.0, 0.0, 1001365.0, 8.106498718156674e-05, 
151.00000000035695, 0.0, 0.0, 0.0, 1001365.0, 6.869791430359689e-05, 
152.00000000036172, 0.0, 0.0, 0.0, 1001365.0, 5.8217531313414016e-05, 
153.0000000003665, 0.0, 0.0, 0.0, 1001365.0, 4.9336009492953004e-05, 
154.00000000037127, 0.0, 0.0, 0.0, 1001365.0, 4.1809430557697214e-05, 
155.00000000037605, 0.0, 0.0, 0.0, 1001365.0, 3.543108779011783e-05, 
156.00000000038082, 0.0, 0.0, 0.0, 1001365.0, 3.0025809135540248e-05, 
157.0000000003856, 0.0, 0.0, 0.0, 1001365.0, 2.5445146352389007e-05, 
158.00000000039037, 0.0, 0.0, 0.0, 1001365.0, 2.1563298093710018e-05, 
159.00000000039515, 0.0, 0.0, 0.0, 1001365.0, 1.8273654953237928e-05, 
160.00000000039992, 0.0, 0.0, 0.0, 1001365.0, 1.5485871590645206e-05, 
161.0000000004047, 0.0, 0.0, 0.0, 1001365.0, 1.3123385526082681e-05, 
162.00000000040947, 0.0, 0.0, 0.0, 1001365.0, 1.1121314461256038e-05, 
163.00000000041425, 0.0, 0.0, 0.0, 1001365.0, 9.424674379970142e-06, 
164.00000000041902, 0.0, 0.0, 0.0, 1001365.0, 7.986869490824024e-06, 
165.0000000004238, 0.0, 0.0, 0.0, 1001365.0, 6.7684125404932625e-06, 
166.00000000042857, 0.0, 0.0, 0.0, 1001365.0, 5.735840352836409e-06, 
167.00000000043335, 0.0, 0.0, 0.0, 1001365.0, 4.86079481065865e-06, 
168.00000000043812, 0.0, 0.0, 0.0, 1001365.0, 4.119244040612493e-06, 
169.0000000004429, 0.0, 0.0, 0.0, 1001365.0, 3.4908224121935907e-06, 
170.00000000044767, 0.0, 0.0, 0.0, 1001365.0, 2.9582712248486155e-06, 
171.00000000045245, 0.0, 0.0, 0.0, 1001365.0, 2.5069647224672365e-06, 
172.00000000045722, 0.0, 0.0, 0.0, 1001365.0, 2.124508417924688e-06, 
173.000000000462, 0.0, 0.0, 0.0, 1001365.0, 1.8003986962332797e-06, 
174.00000000046677, 0.0, 0.0, 0.0, 1001365.0, 1.5257343477908529e-06, 
175.00000000047154, 0.0, 0.0, 0.0, 1001365.0, 1.2929721093994604e-06, 
176.00000000047632, 0.0, 0.0, 0.0, 1001365.0, 1.095719499338463e-06, 
177.0000000004811, 0.0, 0.0, 0.0, 1001365.0, 9.285592570037465e-07, 
178.00000000048587, 0.0, 0.0, 0.0, 1001365.0, 7.869005655990549e-07, 
179.00000000049064, 0.0, 0.0, 0.0, 1001365.0, 6.668529719235943e-07, 
180.00000000049542, 0.0, 0.0, 0.0, 1001365.0, 5.651195406433491e-07, 
181.0000000005002, 0.0, 0.0, 0.0, 1001365.0, 4.789063086811009e-07, 
182.00000000050497, 0.0, 0.0, 0.0, 1001365.0, 4.058455530195569e-07, 
183.00000000050974, 0.0, 0.0, 0.0, 1001365.0, 3.4393076457764714e-07, 
184.00000000051452, 0.0, 0.0, 0.0, 1001365.0, 2.9146154231056587e-07, 
185.0000000005193, 0.0, 0.0, 0.0, 1001365.0, 2.4699689412889225e-07, 
186.00000000052407, 0.0, 0.0, 0.0, 1001365.0, 2.0931566211336706e-07, 
187.00000000052884, 0.0, 0.0, 0.0, 1001365.0, 1.7738298516050959e-07, 
188.00000000053362, 0.0, 0.0, 0.0, 1001365.0, 1.5032187800362471e-07, 
189.0000000005384, 0.0, 0.0, 0.0, 1001365.0, 1.273891460676994e-07, 
190.00000000054317, 0.0, 0.0, 0.0, 1001365.0, 1.0795497469414479e-07, 
191.00000000054794, 0.0, 0.0, 0.0, 1001365.0, 9.148563218266585e-08, 
192.00000000055272, 0.0, 0.0, 0.0, 1001365.0, 7.752881161405146e-08, 
193.0000000005575, 0.0, 0.0, 0.0, 1001365.0, 6.57012088880329e-08, 
194.00000000056227, 0.0, 0.0, 0.0, 1001365.0, 5.5677995824800846e-08, 
195.00000000056704, 0.0, 0.0, 0.0, 1001365.0, 4.718389922397902e-08, 
196.00000000057182, 0.0, 0.0, 0.0, 1001365.0, 3.998564088017937e-08, 
197.0000000005766, 0.0, 0.0, 0.0, 1001365.0, 3.388553093098606e-08, 
198.00000000058137, 0.0, 0.0, 0.0, 1001365.0, 2.8716038587841824e-08, 
199.00000000058614, 0.0, 0.0, 0.0, 1001365.0, 2.4335191142729486e-08, 
200.00000000059092, 0.0, 0.0, 0.0, 1001365.0, 2.062267489095499e-08, 
201.0000000005957, 0.0, 0.0, 0.0, 1001365.0, 1.7476530887454644e-08, 
202.00000000060047, 0.0, 0.0, 0.0, 1001365.0, 1.4810354790304952e-08, 
203.00000000060524, 0.0, 0.0, 0.0, 1001365.0, 1.2550923889143491e-08, 
204.00000000061002, 0.0, 0.0, 0.0, 1001365.0, 1.0636186148234026e-08, 
205.0000000006148, 0.0, 0.0, 0.0, 1001365.0, 9.013556036121056e-09, 
206.00000000061956, 0.0, 0.0, 0.0, 1001365.0, 7.638470339275093e-09, 
207.00000000062434, 0.0, 0.0, 0.0, 1001365.0, 6.473164297217194e-09, 
208.00000000062911, 0.0, 0.0, 0.0, 1001365.0, 5.485634447425755e-09, 
209.0000000006339, 0.0, 0.0, 0.0, 1001365.0, 4.648759696045521e-09, 
210.00000000063866, 0.0, 0.0, 0.0, 1001365.0, 3.939556475863725e-09, 
211.00000000064344, 0.0, 0.0, 0.0, 1001365.0, 3.3385475355334117e-09, 
212.0000000006482, 0.0, 0.0, 0.0, 1001365.0, 2.8292270247433156e-09, 
213.000000000653, 0.0, 0.0, 0.0, 1001365.0, 2.397607184664217e-09, 
214.00000000065776, 0.0, 0.0, 0.0, 1001365.0, 2.031834194173586e-09, 
215.00000000066254, 0.0, 0.0, 0.0, 1001365.0, 1.7218626216250647e-09, 
216.0000000006673, 0.0, 0.0, 0.0, 1001365.0, 1.4591795414465076e-09, 
217.0000000006721, 0.0, 0.0, 0.0, 1001365.0, 1.2365707388238267e-09, 
218.00000000067686, 0.0, 0.0, 0.0, 1001365.0, 1.0479225816169784e-09, 
219.00000000068164, 0.0, 0.0, 0.0, 1001365.0, 8.880541182037842e-10, 
220.0000000006864, 0.0, 0.0, 0.0, 1001365.0, 7.525747900592097e-10, 
221.0000000006912, 0.0, 0.0, 0.0, 1001365.0, 6.377638513497615e-10, 
222.00000000069596, 0.0, 0.0, 0.0, 1001365.0, 5.404681839747512e-10, 
223.00000000070074, 0.0, 0.0, 0.0, 1001365.0, 4.580157016907658e-10, 
224.0000000007055, 0.0, 0.0, 0.0, 1001365.0, 3.881419650875956e-10, 
225.0000000007103, 0.0, 0.0, 0.0, 1001365.0, 3.2892799200097307e-10, 
226.00000000071506, 0.0, 0.0, 0.0, 1001365.0, 2.787475554141e-10, 
227.00000000071984, 0.0, 0.0, 0.0, 1001365.0, 2.3622252146028045e-10, 
228.0000000007246, 0.0, 0.0, 0.0, 1001365.0, 2.0018500094881937e-10, 
229.0000000007294, 0.0, 0.0, 0.0, 1001365.0, 1.6964527496002088e-10, 
230.00000000073416, 0.0, 0.0, 0.0, 1001365.0, 1.4376461363166303e-10, 
231.00000000073894, 0.0, 0.0, 0.0, 1001365.0, 1.218322416438191e-10, 
232.0000000007437, 0.0, 0.0, 0.0, 1001365.0, 1.0324581779204126e-10, 
233.00000000074849, 0.0, 0.0, 0.0, 1001365.0, 8.749489254832383e-11, 
234.00000000075326, 0.0, 0.0, 0.0, 1001365.0, 7.414688929543118e-11, 
235.00000000075804, 0.0, 0.0, 0.0, 1001365.0, 6.283522422925967e-11, 
236.0000000007628, 0.0, 0.0, 0.0, 1001365.0, 5.3249238659357243e-11, 
237.00000000076759, 0.0, 0.0, 0.0, 1001365.0, 4.5125667212639976e-11, 
238.00000000077236, 0.0, 0.0, 0.0, 1001365.0, 3.824140762673795e-11, 
239.00000000077713, 0.0, 0.0, 0.0, 1001365.0, 3.2407393565688996e-11, 
240.0000000007819, 0.0, 0.0, 0.0, 1001365.0, 2.7463402183635787e-11, 
