0.0, 1.0, 0.0, 0.0, 0.0, 1.8749999999999996e-08, 
1.0000000000000007, 0.9999905129498234, 8.887868060097966e-06, 5.991821164110988e-07, 0.0, 1.6090825794617518e-08, 
1.9999999999998905, 0.9999807263085887, 1.667723557344225e-05, 2.5964558377814284e-06, 0.0, 1.621226499377111e-08, 
2.9999999999997806, 0.999969441712063, 2.4566466772855053e-05, 4.893320617357307e-06, 1.0985005467536813e-06, 2.2829581013964038e-08, 
3.9999999999996705, 0.9999521652943731, 3.655010910107703e-05, 9.187459118303515e-06, 2.097137407438846e-06, 3.7205516772991574e-08, 
5.000000000000004, 0.9999266001907396, 5.422598153520444e-05, 1.418064342172934e-05, 4.993184303425824e-06, 6.232554607910871e-08, 
6.000000000000338, 0.9998831594872999, 8.568304264678713e-05, 2.2269601993279176e-05, 8.887868060097966e-06, 9.615673942802611e-08, 
7.000000000000672, 0.9998175490455529, 0.0001335177482736065, 3.355419851902154e-05, 1.5379007654551536e-05, 1.4990835407892162e-07, 
8.000000000001005, 0.999718683996345, 0.00020521987487080135, 5.083061620887489e-05, 2.5265512575334668e-05, 2.2885944619894194e-07, 
9.000000000000451, 0.9995606996449846, 0.0003207621596520749, 8.049013097122427e-05, 3.804806439210478e-05, 3.525504996448545e-07, 
9.999999999999897, 0.9993276178017007, 0.0004867356058979493, 0.00012622769919060482, 5.9418893210767305e-05, 5.506809344552629e-07, 
10.999999999999343, 0.9989605188917128, 0.0007535713750730253, 0.00019243732305403123, 9.347241016013142e-05, 8.538002749900382e-07, 
11.999999999998789, 0.9983973875659724, 0.001163611670070354, 0.00029489746496032916, 0.00014410329899686928, 1.3128180283233134e-06, 
12.999999999998234, 0.9975220823575819, 0.0017960483939422687, 0.00045188317946003704, 0.00022998606901579346, 2.009435288768653e-06, 
13.99999999999768, 0.9961983891987437, 0.002740559136778298, 0.0007042387141551782, 0.0003568129503228094, 3.0865887038178637e-06, 
14.999999999997126, 0.9941377020367198, 0.004230625196606631, 0.0010885141781468296, 0.0005431585885266611, 4.766876783958603e-06, 
15.999999999996572, 0.9909734212799528, 0.00650871560320163, 0.0016823036555102284, 0.0008355594613352774, 7.359469518620922e-06, 
16.999999999997794, 0.9861269367313616, 0.010001448023447993, 0.0025815761485572194, 0.0012900390966330958, 1.129409224752529e-05, 
17.999999999999016, 0.9787809639841616, 0.015273551602063184, 0.0039602941984191575, 0.001985190215356039, 1.7264297755044978e-05, 
19.000000000000238, 0.9676066169678389, 0.023256654666380393, 0.006076505569897091, 0.003060222795883619, 2.6392068743072467e-05, 
20.00000000000146, 0.950996889246179, 0.035100587697792514, 0.009222611135799634, 0.004679911920228888, 3.995682594008924e-05, 
21.000000000002682, 0.9265147074243658, 0.05237131315753996, 0.013969431725694427, 0.007144547692399875, 5.995984083824842e-05, 
22.000000000003904, 0.8912874925726383, 0.07697792513219455, 0.02087780180054226, 0.010856780494624838, 8.939104594898984e-05, 
23.000000000005127, 0.8415312098984886, 0.11121768785607646, 0.030836608030038997, 0.016414494215395987, 0.0001322255368472381, 
24.00000000000635, 0.7741049467476894, 0.15653732654926025, 0.04490680221497655, 0.024450924488073778, 0.00019190392102325782, 
25.00000000000757, 0.6869537081883229, 0.21310461220434107, 0.0638057052123851, 0.03613597439495089, 0.00027296057587192137, 
26.000000000008793, 0.5809769664408083, 0.2782304154828659, 0.08826961197964779, 0.05252300609667803, 0.000384266807834431, 
27.000000000010015, 0.46175071028046716, 0.34544107293544307, 0.1179994307769894, 0.07480878600710031, 0.0005250865806423517, 
28.000000000011237, 0.3397045033529233, 0.40466742895947033, 0.15165798684795254, 0.10397008083965387, 0.0006976707026202729, 
29.00000000001246, 0.22825023842455047, 0.4448964163916254, 0.18629181167706083, 0.14056153350676326, 0.0008975503720516131, 
30.00000000001368, 0.13820734697138407, 0.4591510588047315, 0.21812396079351687, 0.18451763343036756, 0.0011150122591462887, 
31.000000000014904, 0.07459997103953105, 0.4469067722558707, 0.24386552356034014, 0.23462773314425808, 0.0013416007420474533, 
32.00000000001612, 0.035958916079551415, 0.41357507002940985, 0.2609457091070688, 0.2895203047839699, 0.0015525328720702948, 
33.00000000001379, 0.01559221662430782, 0.3686700653607825, 0.26874775930854383, 0.3469899587063658, 0.0017390259242304929, 
34.00000000001146, 0.006114553634289195, 0.32073060272727727, 0.267991491613947, 0.4051633520244866, 0.0018870416759908888, 
35.00000000000913, 0.002243537571215291, 0.27502828638907895, 0.260362904635173, 0.4623652714045328, 0.001991288357456853, 
36.0000000000068, 0.0007793362060787025, 0.23420780634433996, 0.24754679861988388, 0.5174660588296975, 0.0020537534625168948, 
37.00000000000447, 0.0002665361781168704, 0.19871335626869324, 0.23167726053936377, 0.5693428470138261, 0.0020701530966745264, 
38.00000000000214, 8.738072530995192e-05, 0.16829437817379278, 0.2139517558532603, 0.6176664852476369, 0.002048973511946039, 
38.99999999999981, 2.9359923704143842e-05, 0.1425701916883454, 0.19537011978649144, 0.662030328601459, 0.001999404910559287, 
39.99999999999748, 1.1883778642153461e-05, 0.12063133822332515, 0.17703634538854462, 0.7023204326094881, 0.0019185688136274283, 
40.99999999999515, 3.894683756672143e-06, 0.10208465444668029, 0.15928887069150607, 0.738622580178057, 0.0018177778607974537, 
41.999999999992816, 1.7975463492332966e-06, 0.08645968253334199, 0.14236167631183436, 0.7711768436084744, 0.0017038237282896017, 
42.999999999990486, 5.991821164110988e-07, 0.07315194759153755, 0.1265474627133962, 0.8002999905129499, 0.001575099237349746, 
43.999999999988155, 0.0, 0.06193126382487904, 0.11198963414938609, 0.8260791020257349, 0.0014451632991316036, 
44.999999999985825, 0.0, 0.05241904799948071, 0.09877207611610152, 0.8488088758844178, 0.001318200372484142, 
45.999999999983494, 0.0, 0.04439380245964259, 0.08670095319888353, 0.868905244341474, 0.0011879847488610032, 
46.99999999998116, 0.0, 0.0375598308309158, 0.07601324192477268, 0.8864269272443115, 0.0010694099850820163, 
47.99999999997883, 0.0, 0.03178281645553819, 0.06638698176988411, 0.9018302017745776, 0.0009553272923567942, 
48.9999999999765, 0.0, 0.026890194883983365, 0.05781368432090197, 0.9152961207951147, 0.0008479746548552762, 
49.99999999997417, 0.0, 0.022787095614486226, 0.05028196511761446, 0.9269309392678993, 0.0007490006531847512, 
50.99999999997184, 0.0, 0.019301653243322864, 0.04366459782397028, 0.9370337489327069, 0.0006596110155894074, 
51.99999999996951, 0.0, 0.016338298222925707, 0.03781348459352983, 0.9458482171835445, 0.0005777365552351108, 
52.99999999996718, 0.0, 0.013831420111547737, 0.03266541171301174, 0.9535031681754405, 0.0005015771786037121, 
53.99999999996485, 0.0, 0.01168724690797062, 0.02822906732310396, 0.9600836857689253, 0.00043536545654459754, 
54.99999999996252, 0.0, 0.00988450764706176, 0.024336980022269604, 0.9657785123306687, 0.000377516642044815, 
55.99999999996019, 0.0, 0.008383057127021615, 0.020952399974035443, 0.970664542898943, 0.00032511273249835723, 
56.99999999995786, 0.0, 0.007104502354286399, 0.018022798879529445, 0.9748726987661842, 0.00028014584693238635, 
57.99999999995553, 0.0, 0.00602267904310616, 0.015482166842260314, 0.9784951541146336, 0.0002401432089008836, 
58.9999999999532, 0.0, 0.005088853714679463, 0.013309232897095465, 0.9816019133882251, 0.00020530395302610134, 
59.999999999950866, 0.0, 0.004300729504226731, 0.011431695735321285, 0.984267574760452, 0.00017505049986497442, 
60.999999999948535, 0.0, 0.0036382338108481922, 0.009775656229247079, 0.9865861099599048, 0.00014936637160984671, 
61.999999999946205, 0.0, 0.0030685114818273054, 0.008380959989614176, 0.9885505285285585, 0.00012715967518393942, 
62.999999999943874, 0.0, 0.002599851203107758, 0.007166617567021016, 0.9902335312298712, 0.00010844851266858842, 
63.999999999941544, 0.0, 0.0021995975493451438, 0.00613173018829298, 0.9916686722623619, 9.219473955290774e-05, 
64.99999999994631, 0.0, 0.0018681499752837378, 0.005247437248156267, 0.9928844127765599, 7.846020435672999e-05, 
65.99999999995109, 0.0, 0.0015835384699884657, 0.0044770887738237305, 0.9939393727561878, 6.67247079959194e-05, 
66.99999999995586, 0.0, 0.0013414688949583817, 0.003839459138276253, 0.9948190719667653, 5.6722556913971946e-05, 
67.99999999996064, 0.0, 0.001133652564249799, 0.0032802224962925606, 0.9955861249394576, 4.826909500556991e-05, 
68.99999999996541, 0.0, 0.0009575928857110045, 0.002802075167396504, 0.9962403319468924, 4.0994944943706745e-05, 
69.99999999997019, 0.0, 0.0008138890414584092, 0.00239642887458619, 0.9967896820839555, 3.482900000348579e-05, 
70.99999999997496, 0.0, 0.000688360388070284, 0.0020421125164150934, 0.9972695270955146, 2.9632002188869623e-05, 
71.99999999997974, 0.0, 0.0005792093791973955, 0.0017472150514547642, 0.9976735755693479, 2.5228810175708493e-05, 
72.99999999998451, 0.0, 0.0004894319254217992, 0.0014939607435850064, 0.9980166073309932, 2.148392517287507e-05, 
73.99999999998929, 0.0, 0.00041423456981220635, 0.0012663714030348573, 0.9983193940271529, 1.82696962933613e-05, 
74.99999999999406, 0.0, 0.00035251881182186317, 0.0010664443035256876, 0.9985810368846524, 1.550744331944848e-05, 
75.99999999999883, 0.0, 0.00029929146714734384, 0.0009106569532588017, 0.9987900515795939, 1.3147570087512422e-05, 
77.00000000000361, 0.0, 0.00025485212684685406, 0.0007714469748792898, 0.9989737008982739, 1.1156235726601744e-05, 
78.00000000000838, 0.0, 0.0002164046077104752, 0.0006555052353537422, 0.9991280901569358, 9.456808981038827e-06, 
79.00000000001316, 0.0, 0.00018584631977350917, 0.0005503487739235944, 0.999263804906303, 8.006738340715354e-06, 
80.00000000001793, 0.0, 0.0001562866686972283, 0.0004679612329170682, 0.9993757520983857, 6.782169486467437e-06, 
81.00000000002271, 0.0, 0.0001340170667039491, 0.00039735760686662703, 0.9994686253264294, 5.745213475805143e-06, 
82.00000000002748, 0.0, 0.00011194719208280697, 0.00034153380635432634, 0.9995465190015629, 4.872938592714891e-06, 
83.00000000003226, 0.0, 9.526995650936473e-05, 0.00029000414434297183, 0.9996147258991476, 4.1387048034729294e-06, 
84.00000000003703, 0.0, 8.138890414584093e-05, 0.00024826112356633197, 0.9996703499722879, 3.514839250177967e-06, 
85.00000000004181, 0.0, 6.880607970120785e-05, 0.00021250992395380308, 0.999718683996345, 2.9926595053291224e-06, 
86.00000000004658, 0.0, 5.8719847408287684e-05, 0.00017795708857409634, 0.9997633230640176, 2.5483650120058917e-06, 
87.00000000005136, 0.0, 4.983197934818972e-05, 0.0001496956654167062, 0.9998004723552351, 2.1609850576192828e-06, 
88.00000000005613, 0.0, 4.224233920698247e-05, 0.00012762579079556404, 0.9998301318699975, 1.8300362663440623e-06, 
89.00000000006091, 0.0, 3.505215381004929e-05, 0.00010765305358186076, 0.9998572947926081, 1.550596735627829e-06, 
90.00000000006568, 0.0, 3.0258696878760492e-05, 8.937799903132225e-05, 0.9998803633040899, 1.3085974096807069e-06, 
91.00000000007046, 0.0, 2.5065785203197636e-05, 7.439844612104477e-05, 0.9999005357686758, 1.1019400463932632e-06, 
92.00000000007523, 0.0, 2.236946567934769e-05, 6.371303171171351e-05, 0.9999139175026089, 9.282145983919532e-07, 
93.00000000008001, 0.0, 1.8474781922675547e-05, 5.542434576802664e-05, 0.9999261008723093, 7.86199583538854e-07, 
94.00000000008478, 0.0, 1.527914396848302e-05, 4.803443299895643e-05, 0.9999366864230326, 6.702162605418985e-07, 
95.00000000008956, 0.0, 1.2882415502838626e-05, 4.0045338113475105e-05, 0.9999470722463837, 5.711927698930403e-07, 
96.00000000009433, 0.0, 1.1084869153605328e-05, 3.385378957722708e-05, 0.9999550613412692, 4.845804084172048e-07, 
97.0000000000991, 0.0, 9.187459118303515e-06, 2.9559651076280877e-05, 0.9999612528898054, 4.121433293885091e-07, 
98.00000000010388, 0.0, 7.689503827275768e-06, 2.5065785203197636e-05, 0.9999672447109694, 3.51287371346182e-07, 
99.00000000010866, 0.0, 6.690866966590604e-06, 2.1970010935073625e-05, 0.9999713391220983, 3.000832331556665e-07, 
100.00000000011343, 0.0, 5.792093791973956e-06, 1.8574645608744066e-05, 0.9999756332605992, 2.580404171367802e-07, 
101.0000000001182, 0.0, 4.893320617357307e-06, 1.587832608489412e-05, 0.9999792283532977, 2.2106819216835157e-07, 
102.00000000012298, 0.0, 3.894683756672143e-06, 1.3481597619249725e-05, 0.999982623718624, 1.874528767102654e-07, 
103.00000000012776, 0.0, 3.1956379541925274e-06, 1.2283233386427527e-05, 0.9999845211286594, 1.611576548125865e-07, 
104.00000000013253, 0.0, 2.9959105820554942e-06, 1.0086232292920164e-05, 0.999986917857125, 1.3928703350921345e-07, 
105.0000000001373, 0.0, 2.5964558377814284e-06, 7.889231199412801e-06, 0.9999895143129628, 1.1818282036636391e-07, 
106.00000000014208, 0.0, 2.097137407438846e-06, 6.890594338727637e-06, 0.9999910122682538, 1.0015416368427007e-07, 
107.00000000014685, 0.0, 1.7975463492332966e-06, 5.492502733768406e-06, 0.9999927099509169, 8.399662239769856e-08, 
108.00000000015163, 0.0, 1.1983642328221976e-06, 4.893320617357307e-06, 0.9999939083151499, 7.13509001141276e-08, 
109.0000000001564, 0.0, 1.1983642328221976e-06, 4.0944111288091755e-06, 0.9999947072246383, 6.144889356740932e-08, 
110.00000000016118, 0.0, 1.0985005467536813e-06, 3.6949563845351096e-06, 0.9999952065430686, 5.247388098634224e-08, 
111.00000000016595, 0.0, 8.987731746166483e-07, 2.896046895986978e-06, 0.9999962051799294, 4.443175476263881e-08, 
112.00000000017073, 0.0, 8.987731746166483e-07, 2.696319523849945e-06, 0.9999964049073016, 3.832943896713114e-08, 
113.0000000001755, 0.0, 8.987731746166483e-07, 2.5964558377814284e-06, 0.9999965047709876, 3.386387792073836e-08, 
114.00000000018028, 0.0, 6.990458024796153e-07, 1.9972737213703294e-06, 0.9999973036804762, 2.996834424839294e-08, 
115.00000000018505, 0.0, 4.993184303425823e-07, 1.897410035301813e-06, 0.9999976032715343, 2.6923726117320435e-08, 
116.00000000018983, 0.0, 2.995910582055494e-07, 2.097137407438846e-06, 0.9999976032715343, 2.4918425793808085e-08, 
117.0000000001946, 0.0, 9.986368606851648e-08, 1.7975463492332966e-06, 0.9999981025899647, 2.3149606169651265e-08, 
118.00000000019938, 0.0, 0.0, 1.2982279188907142e-06, 0.9999987017720811, 2.1119719296243308e-08, 
119.00000000020415, 0.0, 0.0, 1.2982279188907142e-06, 0.9999987017720811, 1.9515519542957592e-08, 
120.00000000020893, 0.0, 0.0, 1.1983642328221976e-06, 0.9999988016357673, 1.8130988971892666e-08, 
121.0000000002137, 0.0, 0.0, 8.987731746166483e-07, 0.9999991012268253, 1.6691368032173645e-08, 
122.00000000021848, 0.0, 0.0, 7.989094885481318e-07, 0.9999992010905114, 1.5313198531876644e-08, 
123.00000000022325, 0.0, 0.0, 6.990458024796153e-07, 0.9999993009541975, 1.3921942964465453e-08, 
124.00000000022803, 0.0, 0.0, 4.993184303425823e-07, 0.9999995006815696, 1.2460151081896481e-08, 
125.0000000002328, 0.0, 0.0, 3.994547442740659e-07, 0.9999996005452557, 1.0867721040112184e-08, 
126.00000000023758, 0.0, 0.0, 3.994547442740659e-07, 0.9999996005452557, 9.748851586238465e-09, 
127.00000000024235, 0.0, 0.0, 2.995910582055494e-07, 0.9999997004089417, 8.739299019082334e-09, 
128.00000000024713, 0.0, 0.0, 1.9972737213703296e-07, 0.9999998002726279, 7.787987795278588e-09, 
129.0000000002519, 0.0, 0.0, 9.986368606851648e-08, 0.9999999001363139, 6.819824202413179e-09, 
130.00000000025668, 0.0, 0.0, 0.0, 1.0, 5.9114054820149546e-09, 
131.00000000026145, 0.0, 0.0, 0.0, 1.0, 5.009576160268853e-09, 
132.00000000026623, 0.0, 0.0, 0.0, 1.0, 4.245327677467979e-09, 
133.000000000271, 0.0, 0.0, 0.0, 1.0, 3.59767104291482e-09, 
134.00000000027578, 0.0, 0.0, 0.0, 1.0, 3.048819294143972e-09, 
135.00000000028055, 0.0, 0.0, 0.0, 1.0, 2.5836990034568413e-09, 
136.00000000028533, 0.0, 0.0, 0.0, 1.0, 2.1895363078047505e-09, 
137.0000000002901, 0.0, 0.0, 0.0, 1.0, 1.8555060929237752e-09, 
138.00000000029488, 0.0, 0.0, 0.0, 1.0, 1.5724346970656746e-09, 
139.00000000029965, 0.0, 0.0, 0.0, 1.0, 1.332547969508386e-09, 
140.00000000030442, 0.0, 0.0, 0.0, 1.0, 1.1292577646337457e-09, 
141.0000000003092, 0.0, 0.0, 0.0, 1.0, 9.569810079378008e-10, 
142.00000000031397, 0.0, 0.0, 0.0, 1.0, 8.109863648807191e-10, 
143.00000000031875, 0.0, 0.0, 0.0, 1.0, 6.872643015557007e-10, 
144.00000000032352, 0.0, 0.0, 0.0, 1.0, 5.824169685791403e-10, 
145.0000000003283, 0.0, 0.0, 0.0, 1.0, 4.935648840207121e-10, 
146.00000000033307, 0.0, 0.0, 0.0, 1.0, 4.182678525536076e-10, 
147.00000000033785, 0.0, 0.0, 0.0, 1.0, 3.544579489825799e-10, 
148.00000000034262, 0.0, 0.0, 0.0, 1.0, 3.003827256383143e-10, 
149.0000000003474, 0.0, 0.0, 0.0, 1.0, 2.5455708391050133e-10, 
150.00000000035217, 0.0, 0.0, 0.0, 1.0, 2.1572248814015288e-10, 
151.00000000035695, 0.0, 0.0, 0.0, 1.0, 1.8281240173909218e-10, 
152.00000000036172, 0.0, 0.0, 0.0, 1.0, 1.549229962891135e-10, 
153.0000000003665, 0.0, 0.0, 0.0, 1.0, 1.3128832918814128e-10, 
154.00000000037127, 0.0, 0.0, 0.0, 1.0, 1.1125930813297208e-10, 
155.00000000037605, 0.0, 0.0, 0.0, 1.0, 9.428586472822392e-11, 
156.00000000038082, 0.0, 0.0, 0.0, 1.0, 7.990184764518064e-11, 
157.0000000003856, 0.0, 0.0, 0.0, 1.0, 6.771222044275899e-11, 
158.00000000039037, 0.0, 0.0, 0.0, 1.0, 5.738221245707754e-11, 
159.00000000039515, 0.0, 0.0, 0.0, 1.0, 4.862812480433587e-11, 
160.00000000039992, 0.0, 0.0, 0.0, 1.0, 4.120953899703464e-11, 
161.0000000004047, 0.0, 0.0, 0.0, 1.0, 3.492271419433181e-11, 
162.00000000040947, 0.0, 0.0, 0.0, 1.0, 2.9594991751466636e-11, 
163.00000000041425, 0.0, 0.0, 0.0, 1.0, 2.5080053397210967e-11, 
164.00000000041902, 0.0, 0.0, 0.0, 1.0, 2.1253902811977697e-11, 
165.0000000004238, 0.0, 0.0, 0.0, 1.0, 1.8011460246381575e-11, 
166.00000000042857, 0.0, 0.0, 0.0, 1.0, 1.526367665632501e-11, 
167.00000000043335, 0.0, 0.0, 0.0, 1.0, 1.2935088098459169e-11, 
168.00000000043812, 0.0, 0.0, 0.0, 1.0, 1.0961743220993023e-11, 
169.0000000004429, 0.0, 0.0, 0.0, 1.0, 9.289446931351006e-12, 
170.00000000044767, 0.0, 0.0, 0.0, 1.0, 7.872272005525894e-12, 
171.00000000045245, 0.0, 0.0, 0.0, 1.0, 6.671297762607892e-12, 
172.00000000045722, 0.0, 0.0, 0.0, 1.0, 5.653541163991311e-12, 
173.000000000462, 0.0, 0.0, 0.0, 1.0, 4.7910509814284895e-12, 
174.00000000046677, 0.0, 0.0, 0.0, 1.0, 4.060140156553068e-12, 
175.00000000047154, 0.0, 0.0, 0.0, 1.0, 3.4407352697256676e-12, 
176.00000000047632, 0.0, 0.0, 0.0, 1.0, 2.9158252522949344e-12, 
177.0000000004811, 0.0, 0.0, 0.0, 1.0, 2.470994201945299e-12, 
178.00000000048587, 0.0, 0.0, 0.0, 1.0, 2.0940254705735994e-12, 
179.00000000049064, 0.0, 0.0, 0.0, 1.0, 1.7745661515348463e-12, 
180.00000000049542, 0.0, 0.0, 0.0, 1.0, 1.5038427518795126e-12, 
181.0000000005002, 0.0, 0.0, 0.0, 1.0, 1.2744202409273416e-12, 
182.00000000050497, 0.0, 0.0, 0.0, 1.0, 1.0799978577916048e-12, 
183.00000000050974, 0.0, 0.0, 0.0, 1.0, 9.152360699997358e-13, 
184.00000000051452, 0.0, 0.0, 0.0, 1.0, 7.756099308765413e-13, 
185.0000000005193, 0.0, 0.0, 0.0, 1.0, 6.572848083604136e-13, 
186.00000000052407, 0.0, 0.0, 0.0, 1.0, 5.570110723223225e-13, 
187.00000000052884, 0.0, 0.0, 0.0, 1.0, 4.720348481255879e-13, 
188.00000000053362, 0.0, 0.0, 0.0, 1.0, 4.000223854006451e-13, 
189.0000000005384, 0.0, 0.0, 0.0, 1.0, 3.389959649314889e-13, 
190.00000000054317, 0.0, 0.0, 0.0, 1.0, 2.8727958342814793e-13, 
191.00000000054794, 0.0, 0.0, 0.0, 1.0, 2.4345292449522e-13, 
192.00000000055272, 0.0, 0.0, 0.0, 1.0, 2.063123516749991e-13, 
193.0000000005575, 0.0, 0.0, 0.0, 1.0, 1.7483785229494865e-13, 
194.00000000056227, 0.0, 0.0, 0.0, 1.0, 1.4816502427961275e-13, 
195.00000000056704, 0.0, 0.0, 0.0, 1.0, 1.2556133658484952e-13, 
196.00000000057182, 0.0, 0.0, 0.0, 1.0, 1.0640601128118733e-13, 
197.0000000005766, 0.0, 0.0, 0.0, 1.0, 9.017297477652317e-14, 
198.00000000058137, 0.0, 0.0, 0.0, 1.0, 7.641640995789378e-14, 
199.00000000058614, 0.0, 0.0, 0.0, 1.0, 6.475851246257443e-14, 
200.00000000059092, 0.0, 0.0, 0.0, 1.0, 5.487911482201473e-14, 
201.0000000005957, 0.0, 0.0, 0.0, 1.0, 4.6506893520576505e-14, 
202.00000000060047, 0.0, 0.0, 0.0, 1.0, 3.941191748352692e-14, 
203.00000000060524, 0.0, 0.0, 0.0, 1.0, 3.339933334917529e-14, 
204.00000000061002, 0.0, 0.0, 0.0, 1.0, 2.8304014100191595e-14, 
205.0000000006148, 0.0, 0.0, 0.0, 1.0, 2.398602408642464e-14, 
206.00000000061956, 0.0, 0.0, 0.0, 1.0, 2.0326775892563165e-14, 
207.00000000062434, 0.0, 0.0, 0.0, 1.0, 1.7225773504510628e-14, 
208.00000000062911, 0.0, 0.0, 0.0, 1.0, 1.459785233019969e-14, 
209.0000000006339, 0.0, 0.0, 0.0, 1.0, 1.2370840275968838e-14, 
210.00000000063866, 0.0, 0.0, 0.0, 1.0, 1.0483575643311032e-14, 
211.00000000064344, 0.0, 0.0, 0.0, 1.0, 8.884227410366177e-15, 
212.0000000006482, 0.0, 0.0, 0.0, 1.0, 7.528871767092368e-15, 
213.000000000653, 0.0, 0.0, 0.0, 1.0, 6.38028581069204e-15, 
214.00000000065776, 0.0, 0.0, 0.0, 1.0, 5.406925271864407e-15, 
215.00000000066254, 0.0, 0.0, 0.0, 1.0, 4.5820581965990326e-15, 
216.0000000006673, 0.0, 0.0, 0.0, 1.0, 3.883030791320865e-15, 
217.0000000006721, 0.0, 0.0, 0.0, 1.0, 3.2906452688744375e-15, 
218.00000000067686, 0.0, 0.0, 0.0, 1.0, 2.788632608777823e-15, 
219.00000000068164, 0.0, 0.0, 0.0, 1.0, 2.3632057518612273e-15, 
220.0000000006864, 0.0, 0.0, 0.0, 1.0, 2.002680958420555e-15, 
221.0000000006912, 0.0, 0.0, 0.0, 1.0, 1.697156931029591e-15, 
222.00000000069596, 0.0, 0.0, 0.0, 1.0, 1.438242889578079e-15, 
223.00000000070074, 0.0, 0.0, 0.0, 1.0, 1.2188281305058865e-15, 
224.0000000007055, 0.0, 0.0, 0.0, 1.0, 1.0328867415073885e-15, 
225.0000000007103, 0.0, 0.0, 0.0, 1.0, 8.7531210847500105e-16, 
226.00000000071506, 0.0, 0.0, 0.0, 1.0, 7.417766696518979e-16, 
227.00000000071984, 0.0, 0.0, 0.0, 1.0, 6.286130653424817e-16, 
228.0000000007246, 0.0, 0.0, 0.0, 1.0, 5.32713419127498e-16, 
229.0000000007294, 0.0, 0.0, 0.0, 1.0, 4.514439844865425e-16, 
230.00000000073416, 0.0, 0.0, 0.0, 1.0, 3.8257281271960656e-16, 
231.00000000073894, 0.0, 0.0, 0.0, 1.0, 3.2420845567066023e-16, 
232.0000000007437, 0.0, 0.0, 0.0, 1.0, 2.747480198113081e-16, 
233.00000000074849, 0.0, 0.0, 0.0, 1.0, 2.32833145064286e-16, 
234.00000000075326, 0.0, 0.0, 0.0, 1.0, 1.9731269938818204e-16, 
235.00000000075804, 0.0, 0.0, 0.0, 1.0, 1.6721116458355498e-16, 
236.0000000007628, 0.0, 0.0, 0.0, 1.0, 1.4170184508186473e-16, 
237.00000000076759, 0.0, 0.0, 0.0, 1.0, 1.2008416393494554e-16, 
238.00000000077236, 0.0, 0.0, 0.0, 1.0, 1.0176442247187368e-16, 
239.00000000077713, 0.0, 0.0, 0.0, 1.0, 8.623949521474162e-17, 
240.0000000007819, 0.0, 0.0, 0.0, 1.0, 7.308301225754026e-17, 
