0.00, 1001365, 0, 0, 0, 0.018776,
1.00, 1001365, 0, 0, 0, 0.018755,
2.00, 1001362, 3, 0, 0, 0.015100,
3.00, 1001359, 6, 0, 0, 0.012157,
4.00, 1001351, 14, 0, 0, 0.009788,
5.00, 1001343, 22, 0, 0, 0.007880,
6.00, 1001332, 33, 0, 0, 0.006344,
7.00, 1001330, 33, 2, 0, 0.005608,
8.00, 1001327, 34, 4, 0, 0.008676,
9.00, 1001321, 34, 10, 0, 0.021887,
10.00, 1001305, 43, 17, 0, 0.040198,
11.00, 1001273, 67, 25, 0, 0.070640,
12.00, 1001224, 110, 29, 2, 0.101847,
13.00, 1001164, 167, 26, 8, 0.131172,
14.00, 1001089, 235, 26, 15, 0.152748,
15.00, 1001003, 311, 30, 21, 0.167667,
16.00, 1000885, 412, 41, 27, 0.194852,
17.00, 1000770, 484, 77, 34, 0.256577,
18.00, 1000619, 590, 118, 38, 0.373843,
19.00, 1000386, 767, 170, 42, 0.542777,
20.00, 1000055, 1018, 236, 56, 0.786129,
21.00, 999641, 1333, 311, 80, 1.106909,
22.00, 999048, 1834, 363, 120, 1.466792,
23.00, 998292, 2451, 442, 180, 1.862671,
24.00, 997387, 3185, 554, 239, 2.348678,
25.00, 996186, 4136, 714, 329, 2.973437,
26.00, 994794, 5195, 951, 425, 3.835630,
27.00, 993002, 6518, 1317, 528, 5.035886,
28.00, 990788, 8137, 1762, 678, 6.698608,
29.00, 987997, 10221, 2246, 901, 8.840282,
30.00, 984524, 12722, 2937, 1182, 11.599949,
31.00, 980404, 15646, 3747, 1568, 15.097292,
32.00, 975464, 19139, 4702, 2060, 19.456810,
33.00, 969611, 23171, 5849, 2734, 24.771840,
34.00, 963095, 27420, 7328, 3522, 31.280923,
35.00, 955665, 31941, 9172, 4587, 39.410868,
36.00, 947137, 37011, 11308, 5909, 49.396688,
37.00, 937616, 42370, 13914, 7465, 61.492854,
38.00, 927298, 47706, 16893, 9468, 76.060472,
39.00, 915496, 53708, 20224, 11937, 93.227454,
40.00, 902562, 60083, 23669, 15051, 112.861324,
41.00, 888430, 66701, 27454, 18780, 135.058040,
42.00, 873114, 73672, 31293, 23286, 159.528439,
43.00, 856846, 80422, 35551, 28546, 186.220526,
44.00, 839191, 87490, 40064, 34620, 215.134315,
45.00, 820563, 94458, 44673, 41671, 246.356607,
46.00, 800787, 101170, 50000, 49408, 280.049009,
47.00, 779978, 107858, 55213, 58316, 316.263140,
48.00, 757984, 114495, 60819, 68067, 354.690326,
49.00, 734779, 121368, 66131, 79087, 395.147725,
50.00, 710798, 127795, 71444, 91328, 436.724406,
51.00, 686126, 134043, 76400, 104796, 479.093097,
52.00, 660899, 139615, 81460, 119391, 521.951572,
53.00, 635446, 144104, 86576, 135239, 565.211744,
54.00, 609621, 147931, 91900, 151913, 609.077880,
55.00, 583447, 151165, 97029, 169724, 653.418686,
56.00, 557079, 153670, 101884, 188732, 697.648776,
57.00, 530939, 155168, 106427, 208831, 741.411200,
58.00, 504971, 156104, 110047, 230243, 783.667117,
59.00, 479330, 156138, 113420, 252477, 823.721657,
60.00, 453834, 155869, 115884, 275778, 860.872588,
61.00, 429465, 154115, 117842, 299943, 894.565509,
62.00, 405520, 151849, 119071, 324925, 924.455960,
63.00, 382521, 148586, 120001, 350257, 950.412944,
64.00, 360608, 144653, 120247, 375857, 972.346209,
65.00, 339667, 139966, 120015, 401717, 990.107590,
66.00, 319846, 134519, 119112, 427888, 1003.360527,
67.00, 300385, 129438, 117425, 454117, 1011.921699,
68.00, 281693, 124537, 114962, 480173, 1015.082885,
69.00, 263820, 119505, 112164, 505876, 1013.169431,
70.00, 246879, 114504, 108644, 531338, 1005.837936,
71.00, 230640, 109873, 104387, 556465, 993.334836,
72.00, 215148, 105326, 100248, 580643, 976.049386,
73.00, 200335, 100773, 96178, 604079, 955.059258,
74.00, 186150, 96392, 92374, 626449, 931.454962,
75.00, 172716, 92004, 88618, 648027, 905.945791,
76.00, 160048, 87502, 85331, 668484, 879.256504,
77.00, 148100, 83195, 81714, 688356, 851.944065,
78.00, 137151, 78689, 78121, 707404, 823.662698,
79.00, 126926, 73990, 74734, 725715, 794.678515,
80.00, 117584, 69089, 71529, 743163, 765.798625,
81.00, 108734, 64596, 67961, 760074, 736.681019,
82.00, 100488, 60152, 64726, 775999, 707.469516,
83.00, 92814, 55968, 61371, 791212, 678.275114,
84.00, 85447, 52359, 57611, 805948, 648.618448,
85.00, 78563, 49139, 53850, 819813, 618.125669,
86.00, 72130, 46007, 50182, 833046, 587.283030,
87.00, 66019, 43204, 46844, 845298, 556.372906,
88.00, 60203, 40662, 43723, 856777, 525.801421,
89.00, 54625, 38589, 40809, 867342, 496.101924,
90.00, 49223, 36596, 38171, 877375, 467.420378,
91.00, 44225, 34567, 35852, 886721, 440.022421,
92.00, 39620, 32664, 33747, 895334, 414.081994,
93.00, 35383, 30737, 31777, 903468, 389.742145,
94.00, 31313, 28897, 30077, 911078, 366.961250,
95.00, 27740, 26941, 28459, 918225, 345.935974,
96.00, 24540, 24912, 26859, 925054, 326.129589,
97.00, 21496, 23055, 25368, 931446, 307.497033,
98.00, 18818, 21130, 23933, 937484, 290.072012,
99.00, 16349, 19204, 22546, 943266, 273.599346,
100.00, 14106, 17583, 20955, 948721, 257.766981,
101.00, 12095, 15885, 19655, 953730, 242.481591,
102.00, 10255, 14456, 18042, 958612, 227.727868,
103.00, 8578, 13203, 16504, 963080, 213.113267,
104.00, 7088, 11942, 15065, 967270, 198.693300,
105.00, 5798, 10756, 13687, 971124, 184.686187,
106.00, 4613, 9664, 12406, 974682, 171.097431,
107.00, 3564, 8693, 11282, 977826, 158.149647,
108.00, 2740, 7645, 10308, 980672, 145.913960,
109.00, 2019, 6690, 9409, 983247, 134.410762,
110.00, 1449, 5773, 8459, 985684, 123.538432,
111.00, 1029, 4836, 7604, 987896, 113.195418,
112.00, 707, 3963, 6861, 989834, 103.498372,
113.00, 442, 3238, 6082, 991603, 94.409502,
114.00, 267, 2558, 5288, 993252, 85.726072,
115.00, 155, 1944, 4617, 994649, 77.461740,
116.00, 75, 1470, 3887, 995933, 69.628651,
117.00, 34, 1071, 3190, 997070, 62.085975,
118.00, 13, 742, 2608, 998002, 54.950689,
119.00, 3, 480, 2076, 998806, 48.262232,
120.00, 1, 285, 1612, 999467, 42.007616,
121.00, 0, 174, 1195, 999996, 36.196678,
122.00, 0, 98, 881, 1000386, 30.895999,
123.00, 0, 51, 584, 1000730, 26.113578,
124.00, 0, 19, 387, 1000959, 21.835595,
125.00, 0, 5, 230, 1001130, 18.087759,
126.00, 0, 2, 142, 1001221, 14.869998,
127.00, 0, 1, 74, 1001290, 12.143569,
128.00, 0, 0, 33, 1001332, 9.863422,
129.00, 0, 0, 15, 1001350, 7.971409,
130.00, 0, 0, 5, 1001360, 6.427813,
131.00, 0, 0, 2, 1001363, 5.177369,
132.00, 0, 0, 1, 1001364, 4.170001,
133.00, 0, 0, 0, 1001365, 3.356350,
134.00, 0, 0, 0, 1001365, 2.701342,
135.00, 0, 0, 0, 1001365, 2.174206,
136.00, 0, 0, 0, 1001365, 1.749965,
137.00, 0, 0, 0, 1001365, 1.408523,
138.00, 0, 0, 0, 1001365, 1.133719,
139.00, 0, 0, 0, 1001365, 0.912540,
140.00, 0, 0, 0, 1001365, 0.734520,
141.00, 0, 0, 0, 1001365, 0.591232,
142.00, 0, 0, 0, 1001365, 0.475901,
143.00, 0, 0, 0, 1001365, 0.383070,
144.00, 0, 0, 0, 1001365, 0.308348,
145.00, 0, 0, 0, 1001365, 0.248202,
146.00, 0, 0, 0, 1001365, 0.199789,
147.00, 0, 0, 0, 1001365, 0.160820,
148.00, 0, 0, 0, 1001365, 0.129451,
149.00, 0, 0, 0, 1001365, 0.104199,
150.00, 0, 0, 0, 1001365, 0.083869,
151.00, 0, 0, 0, 1001365, 0.067505,
152.00, 0, 0, 0, 1001365, 0.054332,
153.00, 0, 0, 0, 1001365, 0.043726,
154.00, 0, 0, 0, 1001365, 0.035187,
155.00, 0, 0, 0, 1001365, 0.028311,
156.00, 0, 0, 0, 1001365, 0.022777,
157.00, 0, 0, 0, 1001365, 0.018322,
158.00, 0, 0, 0, 1001365, 0.014738,
159.00, 0, 0, 0, 1001365, 0.011852,
160.00, 0, 0, 0, 1001365, 0.009529,
161.00, 0, 0, 0, 1001365, 0.007659,
162.00, 0, 0, 0, 1001365, 0.006154,
163.00, 0, 0, 0, 1001365, 0.004944,
164.00, 0, 0, 0, 1001365, 0.003971,
165.00, 0, 0, 0, 1001365, 0.003187,
166.00, 0, 0, 0, 1001365, 0.002557,
167.00, 0, 0, 0, 1001365, 0.002050,
168.00, 0, 0, 0, 1001365, 0.001642,
169.00, 0, 0, 0, 1001365, 0.001314,
170.00, 0, 0, 0, 1001365, 0.001051,
171.00, 0, 0, 0, 1001365, 0.000839,
172.00, 0, 0, 0, 1001365, 0.000669,
173.00, 0, 0, 0, 1001365, 0.000532,
174.00, 0, 0, 0, 1001365, 0.000422,
175.00, 0, 0, 0, 1001365, 0.000335,
176.00, 0, 0, 0, 1001365, 0.000265,
177.00, 0, 0, 0, 1001365, 0.000209,
178.00, 0, 0, 0, 1001365, 0.000164,
179.00, 0, 0, 0, 1001365, 0.000127,
180.00, 0, 0, 0, 1001365, 0.000099,
181.00, 0, 0, 0, 1001365, 0.000076,
182.00, 0, 0, 0, 1001365, 0.000058,
183.00, 0, 0, 0, 1001365, 0.000044,
184.00, 0, 0, 0, 1001365, 0.000032,
185.00, 0, 0, 0, 1001365, 0.000024,
186.00, 0, 0, 0, 1001365, 0.000017,
187.00, 0, 0, 0, 1001365, 0.000012,
188.00, 0, 0, 0, 1001365, 0.000008,
189.00, 0, 0, 0, 1001365, 0.000005,
190.00, 0, 0, 0, 1001365, 0.000003,
191.00, 0, 0, 0, 1001365, 0.000001,
192.00, 0, 0, 0, 1001365, 0.000000,
193.00, 0, 0, 0, 1001365, 0.000000,
194.00, 0, 0, 0, 1001365, 0.000000,
195.00, 0, 0, 0, 1001365, 0.000000,
196.00, 0, 0, 0, 1001365, 0.000000,
197.00, 0, 0, 0, 1001365, 0.000000,
198.00, 0, 0, 0, 1001365, 0.000000,
199.00, 0, 0, 0, 1001365, 0.000000,
200.00, 0, 0, 0, 1001365, 0.000000,
201.00, 0, 0, 0, 1001365, 0.000000,
202.00, 0, 0, 0, 1001365, 0.000000,
203.00, 0, 0, 0, 1001365, 0.000000,
204.00, 0, 0, 0, 1001365, 0.000000,
205.00, 0, 0, 0, 1001365, 0.000000,
206.00, 0, 0, 0, 1001365, 0.000000,
207.00, 0, 0, 0, 1001365, 0.000000,
208.00, 0, 0, 0, 1001365, 0.000000,
209.00, 0, 0, 0, 1001365, 0.000000,
210.00, 0, 0, 0, 1001365, 0.000000,
211.00, 0, 0, 0, 1001365, 0.000000,
212.00, 0, 0, 0, 1001365, 0.000000,
213.00, 0, 0, 0, 1001365, 0.000000,
214.00, 0, 0, 0, 1001365, 0.000000,
215.00, 0, 0, 0, 1001365, 0.000000,
216.00, 0, 0, 0, 1001365, 0.000000,
217.00, 0, 0, 0, 1001365, 0.000000,
218.00, 0, 0, 0, 1001365, 0.000000,
219.00, 0, 0, 0, 1001365, 0.000000,
220.00, 0, 0, 0, 1001365, 0.000000,
221.00, 0, 0, 0, 1001365, 0.000000,
222.00, 0, 0, 0, 1001365, 0.000000,
223.00, 0, 0, 0, 1001365, 0.000000,
224.00, 0, 0, 0, 1001365, 0.000000,
225.00, 0, 0, 0, 1001365, 0.000000,
226.00, 0, 0, 0, 1001365, 0.000000,
227.00, 0, 0, 0, 1001365, 0.000000,
228.00, 0, 0, 0, 1001365, 0.000000,
229.00, 0, 0, 0, 1001365, 0.000000,
230.00, 0, 0, 0, 1001365, 0.000000,
231.00, 0, 0, 0, 1001365, 0.000000,
232.00, 0, 0, 0, 1001365, 0.000000,
233.00, 0, 0, 0, 1001365, 0.000000,
234.00, 0, 0, 0, 1001365, 0.000000,
235.00, 0, 0, 0, 1001365, 0.000000,
236.00, 0, 0, 0, 1001365, 0.000000,
237.00, 0, 0, 0, 1001365, 0.000000,
238.00, 0, 0, 0, 1001365, 0.000000,
239.00, 0, 0, 0, 1001365, 0.000000,
240.00, 0, 0, 0, 1001365, 0.000000,
