0.00, 1001365, 0, 0, 0, 0.018776,
1.00, 1001365, 0, 0, 0, 0.018755,
2.00, 1001361, 4, 0, 0, 0.015100,
3.00, 1001356, 9, 0, 0, 0.012157,
4.00, 1001344, 21, 0, 0, 0.009788,
5.00, 1001333, 32, 0, 0, 0.007880,
6.00, 1001327, 38, 0, 0, 0.006344,
7.00, 1001325, 38, 2, 0, 0.006192,
8.00, 1001316, 44, 5, 0, 0.012367,
9.00, 1001301, 54, 10, 0, 0.023814,
10.00, 1001282, 65, 18, 0, 0.044598,
11.00, 1001240, 94, 30, 1, 0.075638,
12.00, 1001190, 139, 32, 4, 0.115080,
13.00, 1001120, 201, 37, 7, 0.153467,
14.00, 1001035, 275, 40, 15, 0.189867,
15.00, 1000908, 388, 47, 22, 0.226216,
16.00, 1000787, 483, 62, 33, 0.276278,
17.00, 1000621, 611, 92, 41, 0.352607,
18.00, 1000394, 784, 136, 51, 0.479173,
19.00, 1000105, 1015, 182, 63, 0.659974,
20.00, 999718, 1299, 271, 77, 0.924198,
21.00, 999170, 1737, 343, 115, 1.282326,
22.00, 998496, 2285, 438, 146, 1.706957,
23.00, 997594, 3009, 551, 211, 2.231576,
24.00, 996414, 3957, 705, 289, 2.872008,
25.00, 994865, 5198, 908, 394, 3.701937,
26.00, 993051, 6569, 1228, 517, 4.825597,
27.00, 990744, 8337, 1634, 650, 6.355736,
28.00, 987865, 10501, 2164, 835, 8.357930,
29.00, 984292, 13133, 2850, 1090, 11.020797,
30.00, 979849, 16348, 3685, 1483, 14.516532,
31.00, 974541, 20113, 4759, 1952, 18.951945,
32.00, 967942, 24867, 6008, 2548, 24.561511,
33.00, 960365, 30073, 7592, 3335, 31.542901,
34.00, 951411, 36079, 9474, 4401, 40.124920,
35.00, 941012, 42839, 11776, 5738, 50.582092,
36.00, 929376, 50064, 14503, 7422, 63.359405,
37.00, 916047, 58018, 17782, 9518, 78.835488,
38.00, 901440, 65841, 22026, 12058, 97.763264,
39.00, 885086, 74540, 26496, 15243, 120.543293,
40.00, 867132, 83492, 31534, 19207, 147.110867,
41.00, 847783, 92426, 37150, 24006, 177.760641,
42.00, 827165, 101428, 42781, 29991, 212.151256,
43.00, 805167, 110085, 49060, 37053, 250.145729,
44.00, 782019, 118436, 55725, 45185, 291.705717,
45.00, 757429, 126837, 62296, 54803, 336.581566,
46.00, 732095, 134418, 69342, 65510, 384.556108,
47.00, 705746, 141545, 76107, 77967, 435.015526,
48.00, 678519, 148059, 82924, 91863, 487.471315,
49.00, 650798, 153732, 89722, 107113, 541.523500,
50.00, 622253, 158998, 96162, 123952, 596.379789,
51.00, 593904, 163121, 102226, 142114, 651.350877,
52.00, 564862, 166762, 107739, 162002, 705.454076,
53.00, 536181, 169102, 112733, 183349, 758.065726,
54.00, 507586, 170724, 117268, 205787, 808.652256,
55.00, 479230, 171332, 121322, 229481, 856.840004,
56.00, 451002, 171364, 124987, 254012, 902.381448,
57.00, 423324, 170497, 127742, 279802, 944.780041,
58.00, 396402, 168627, 129914, 306422, 983.070183,
59.00, 370297, 166022, 131248, 333798, 1016.687146,
60.00, 344912, 163229, 131485, 361739, 1045.016301,
61.00, 320606, 158979, 131673, 390107, 1068.276535,
62.00, 297133, 154164, 131421, 418647, 1087.003105,
63.00, 274752, 149316, 129897, 447400, 1100.286680,
64.00, 253072, 144109, 128394, 475790, 1108.493273,
65.00, 232566, 138650, 125771, 504378, 1111.631685,
66.00, 212769, 133269, 122662, 532665, 1109.039659,
67.00, 194270, 127054, 119446, 560595, 1101.586928,
68.00, 176548, 121552, 115607, 587658, 1089.400796,
69.00, 160320, 115127, 111858, 614060, 1072.993598,
70.00, 145147, 108875, 107636, 639707, 1053.039550,
71.00, 131202, 102260, 103137, 664766, 1029.541986,
72.00, 118375, 95294, 98921, 688775, 1002.912742,
73.00, 106825, 88313, 94274, 711953, 973.772739,
74.00, 96225, 81221, 89755, 734164, 942.529326,
75.00, 86688, 74488, 85018, 755171, 909.280849,
76.00, 78156, 67862, 79787, 775560, 874.160723,
77.00, 70323, 61917, 74413, 794712, 836.587766,
78.00, 63146, 56372, 68917, 812930, 797.030122,
79.00, 56949, 50706, 63655, 830055, 755.649313,
80.00, 51134, 45861, 58241, 846129, 713.308007,
81.00, 45998, 41425, 53315, 860627, 670.365116,
82.00, 41134, 37580, 48669, 873982, 627.404859,
83.00, 36831, 34074, 44029, 886431, 584.860242,
84.00, 32791, 30993, 39765, 897816, 542.994240,
85.00, 29147, 28207, 35882, 908129, 502.326814,
86.00, 25778, 25812, 32471, 917304, 463.268197,
87.00, 22767, 23507, 29444, 925647, 426.264926,
88.00, 19962, 21564, 26595, 933244, 391.460288,
89.00, 17456, 19681, 24216, 940012, 358.857236,
90.00, 15139, 17954, 22013, 946259, 328.720819,
91.00, 13018, 16374, 20088, 951885, 300.967402,
92.00, 11209, 14762, 18430, 956964, 275.474447,
93.00, 9557, 13340, 16967, 961501, 252.294449,
94.00, 8155, 12036, 15320, 965854, 230.945906,
95.00, 6939, 10692, 14062, 969672, 211.304778,
96.00, 5879, 9362, 12837, 973287, 193.283947,
97.00, 5061, 8142, 11596, 976566, 176.640247,
98.00, 4244, 7093, 10497, 979531, 161.209078,
99.00, 3591, 6119, 9485, 982170, 146.990248,
100.00, 3036, 5232, 8434, 984663, 133.772379,
101.00, 2532, 4514, 7383, 986936, 121.277007,
102.00, 2055, 3967, 6475, 988868, 109.564397,
103.00, 1675, 3413, 5625, 990652, 98.625393,
104.00, 1356, 2981, 4806, 992222, 88.377356,
105.00, 1072, 2590, 4150, 993553, 78.831705,
106.00, 860, 2195, 3621, 994689, 70.141392,
107.00, 640, 1913, 3086, 995726, 62.220258,
108.00, 478, 1645, 2662, 996580, 55.042331,
109.00, 337, 1380, 2338, 997310, 48.643937,
110.00, 234, 1156, 2038, 997937, 42.926062,
111.00, 164, 953, 1754, 998494, 37.817453,
112.00, 96, 780, 1485, 999004, 33.238641,
113.00, 51, 613, 1310, 999391, 29.155209,
114.00, 30, 475, 1101, 999759, 25.526960,
115.00, 9, 348, 931, 1000077, 22.285886,
116.00, 2, 244, 768, 1000351, 19.399992,
117.00, 0, 171, 616, 1000578, 16.818700,
118.00, 0, 112, 499, 1000754, 14.503797,
119.00, 0, 60, 392, 1000913, 12.449136,
120.00, 0, 31, 278, 1001056, 10.598568,
121.00, 0, 14, 206, 1001145, 8.948897,
122.00, 0, 6, 139, 1001220, 7.493062,
123.00, 0, 0, 90, 1001275, 6.224122,
124.00, 0, 0, 53, 1001312, 5.128608,
125.00, 0, 0, 23, 1001342, 4.189498,
126.00, 0, 0, 11, 1001354, 3.400621,
127.00, 0, 0, 5, 1001360, 2.750627,
128.00, 0, 0, 0, 1001365, 2.219426,
129.00, 0, 0, 0, 1001365, 1.786826,
130.00, 0, 0, 0, 1001365, 1.438567,
131.00, 0, 0, 0, 1001365, 1.158194,
132.00, 0, 0, 0, 1001365, 0.932471,
133.00, 0, 0, 0, 1001365, 0.750743,
134.00, 0, 0, 0, 1001365, 0.604435,
135.00, 0, 0, 0, 1001365, 0.486642,
136.00, 0, 0, 0, 1001365, 0.391806,
137.00, 0, 0, 0, 1001365, 0.315452,
138.00, 0, 0, 0, 1001365, 0.253978,
139.00, 0, 0, 0, 1001365, 0.204485,
140.00, 0, 0, 0, 1001365, 0.164637,
141.00, 0, 0, 0, 1001365, 0.132554,
142.00, 0, 0, 0, 1001365, 0.106723,
143.00, 0, 0, 0, 1001365, 0.085927,
144.00, 0, 0, 0, 1001365, 0.069182,
145.00, 0, 0, 0, 1001365, 0.055698,
146.00, 0, 0, 0, 1001365, 0.044839,
147.00, 0, 0, 0, 1001365, 0.036094,
148.00, 0, 0, 0, 1001365, 0.029052,
149.00, 0, 0, 0, 1001365, 0.023380,
150.00, 0, 0, 0, 1001365, 0.018812,
151.00, 0, 0, 0, 1001365, 0.015132,
152.00, 0, 0, 0, 1001365, 0.012168,
153.00, 0, 0, 0, 1001365, 0.009782,
154.00, 0, 0, 0, 1001365, 0.007860,
155.00, 0, 0, 0, 1001365, 0.006311,
156.00, 0, 0, 0, 1001365, 0.005066,
157.00, 0, 0, 0, 1001365, 0.004065,
158.00, 0, 0, 0, 1001365, 0.003261,
159.00, 0, 0, 0, 1001365, 0.002615,
160.00, 0, 0, 0, 1001365, 0.002097,
161.00, 0, 0, 0, 1001365, 0.001681,
162.00, 0, 0, 0, 1001365, 0.001347,
163.00, 0, 0, 0, 1001365, 0.001079,
164.00, 0, 0, 0, 1001365, 0.000863,
165.00, 0, 0, 0, 1001365, 0.000689,
166.00, 0, 0, 0, 1001365, 0.000550,
167.00, 0, 0, 0, 1001365, 0.000438,
168.00, 0, 0, 0, 1001365, 0.000348,
169.00, 0, 0, 0, 1001365, 0.000276,
170.00, 0, 0, 0, 1001365, 0.000219,
171.00, 0, 0, 0, 1001365, 0.000172,
172.00, 0, 0, 0, 1001365, 0.000136,
173.00, 0, 0, 0, 1001365, 0.000106,
174.00, 0, 0, 0, 1001365, 0.000083,
175.00, 0, 0, 0, 1001365, 0.000065,
176.00, 0, 0, 0, 1001365, 0.000050,
177.00, 0, 0, 0, 1001365, 0.000039,
178.00, 0, 0, 0, 1001365, 0.000030,
179.00, 0, 0, 0, 1001365, 0.000023,
180.00, 0, 0, 0, 1001365, 0.000017,
181.00, 0, 0, 0, 1001365, 0.000013,
182.00, 0, 0, 0, 1001365, 0.000009,
183.00, 0, 0, 0, 1001365, 0.000007,
184.00, 0, 0, 0, 1001365, 0.000005,
185.00, 0, 0, 0, 1001365, 0.000004,
186.00, 0, 0, 0, 1001365, 0.000003,
187.00, 0, 0, 0, 1001365, 0.000002,
188.00, 0, 0, 0, 1001365, 0.000001,
189.00, 0, 0, 0, 1001365, 0.000001,
190.00, 0, 0, 0, 1001365, 0.000000,
191.00, 0, 0, 0, 1001365, 0.000000,
192.00, 0, 0, 0, 1001365, 0.000000,
193.00, 0, 0, 0, 1001365, 0.000000,
194.00, 0, 0, 0, 1001365, 0.000000,
195.00, 0, 0, 0, 1001365, 0.000000,
196.00, 0, 0, 0, 1001365, 0.000000,
197.00, 0, 0, 0, 1001365, 0.000000,
198.00, 0, 0, 0, 1001365, 0.000000,
199.00, 0, 0, 0, 1001365, 0.000000,
200.00, 0, 0, 0, 1001365, 0.000000,
201.00, 0, 0, 0, 1001365, 0.000000,
202.00, 0, 0, 0, 1001365, 0.000000,
203.00, 0, 0, 0, 1001365, 0.000000,
204.00, 0, 0, 0, 1001365, 0.000000,
205.00, 0, 0, 0, 1001365, 0.000000,
206.00, 0, 0, 0, 1001365, 0.000000,
207.00, 0, 0, 0, 1001365, 0.000000,
208.00, 0, 0, 0, 1001365, 0.000000,
209.00, 0, 0, 0, 1001365, 0.000000,
210.00, 0, 0, 0, 1001365, 0.000000,
211.00, 0, 0, 0, 1001365, 0.000000,
212.00, 0, 0, 0, 1001365, 0.000000,
213.00, 0, 0, 0, 1001365, 0.000000,
214.00, 0, 0, 0, 1001365, 0.000000,
215.00, 0, 0, 0, 1001365, 0.000000,
216.00, 0, 0, 0, 1001365, 0.000000,
217.00, 0, 0, 0, 1001365, 0.000000,
218.00, 0, 0, 0, 1001365, 0.000000,
219.00, 0, 0, 0, 1001365, 0.000000,
220.00, 0, 0, 0, 1001365, 0.000000,
221.00, 0, 0, 0, 1001365, 0.000000,
222.00, 0, 0, 0, 1001365, 0.000000,
223.00, 0, 0, 0, 1001365, 0.000000,
224.00, 0, 0, 0, 1001365, 0.000000,
225.00, 0, 0, 0, 1001365, 0.000000,
226.00, 0, 0, 0, 1001365, 0.000000,
227.00, 0, 0, 0, 1001365, 0.000000,
228.00, 0, 0, 0, 1001365, 0.000000,
229.00, 0, 0, 0, 1001365, 0.000000,
230.00, 0, 0, 0, 1001365, 0.000000,
231.00, 0, 0, 0, 1001365, 0.000000,
232.00, 0, 0, 0, 1001365, 0.000000,
233.00, 0, 0, 0, 1001365, 0.000000,
234.00, 0, 0, 0, 1001365, 0.000000,
235.00, 0, 0, 0, 1001365, 0.000000,
236.00, 0, 0, 0, 1001365, 0.000000,
237.00, 0, 0, 0, 1001365, 0.000000,
238.00, 0, 0, 0, 1001365, 0.000000,
239.00, 0, 0, 0, 1001365, 0.000000,
240.00, 0, 0, 0, 1001365, 0.000000,
