0.0, 1.0, 0.0, 0.0, 0.0, 1.8749999999999996e-08, 
1.0000000000000007, 0.9999919110414285, 7.1901853969331865e-06, 8.987731746166483e-07, 0.0, 1.551813662099035e-08, 
1.9999999999999793, 0.9999837222191708, 1.3681324991386756e-05, 2.1970010935073625e-06, 3.994547442740659e-07, 1.5141690718817197e-08, 
2.9999999999999583, 0.9999766318974599, 1.837491823660703e-05, 4.0944111288091755e-06, 8.987731746166483e-07, 1.7586868519640762e-08, 
3.999999999999937, 0.9999669451199114, 2.466633045892357e-05, 6.890594338727637e-06, 1.4979552910277471e-06, 2.3549988747856065e-08, 
4.999999999999916, 0.9999525647491174, 3.3054880088678955e-05, 1.078527809539978e-05, 3.5950926984665933e-06, 3.3331716090126555e-08, 
5.999999999999894, 0.9999294962376356, 5.0231434092463785e-05, 1.3781188677455274e-05, 6.491139594453571e-06, 4.751955529721476e-08, 
6.999999999999873, 0.9998988380860125, 7.140253553898929e-05, 1.927369141122368e-05, 1.048568703719423e-05, 6.778244683562347e-08, 
7.999999999999852, 0.9998564958831195, 9.796627603321465e-05, 2.8960468959869778e-05, 1.6577371887373737e-05, 9.691242885510115e-08, 
9.000000000000007, 0.9997937814882685, 0.00013911011469344345, 4.324097606766763e-05, 2.3867420970375435e-05, 1.3909792421112874e-07, 
10.000000000000163, 0.9997031052613182, 0.00020202423691660884, 5.991821164110989e-05, 3.495229012398077e-05, 1.9941709555926445e-07, 
11.00000000000032, 0.9995774767442441, 0.000287707279563396, 8.288685943686867e-05, 5.1929116755628566e-05, 2.8323928697462813e-07, 
12.000000000000476, 0.9993987207461815, 0.0004078432939038213, 0.00011903751379367164, 7.439844612104477e-05, 4.0166792309804883e-07, 
13.000000000000632, 0.9991431695735321, 0.0005859002461639862, 0.00016467521832698367, 0.00010625496197690154, 5.64982399437005e-07, 
14.000000000000789, 0.9987753716177418, 0.0008342612334163866, 0.0002406714834251247, 0.0001496956654167062, 8.072856184657215e-07, 
15.000000000000945, 0.9982454948994622, 0.0011986638238804031, 0.00034662685434382073, 0.000209214422313542, 1.1528063331530853e-06, 
16.0000000000011, 0.997509100078393, 0.0016978823905369172, 0.0004908300170267585, 0.0003021875140433309, 1.6453655435945189e-06, 
17.000000000000902, 0.9964634274215696, 0.0023962291472140527, 0.0007129268548431391, 0.0004274165763732505, 2.35355536052562e-06, 
18.000000000000703, 0.9949646732210533, 0.003412941335077619, 0.0010113195488158663, 0.0006110658950532523, 3.3730324905332577e-06, 
19.000000000000504, 0.992805720191938, 0.004885830840902169, 0.001436039805665267, 0.0008724091614945599, 4.817451100420527e-06, 
20.000000000000306, 0.9897531868998816, 0.006964094011674065, 0.0020340235578435433, 0.00124869553060073, 6.856521391308142e-06, 
21.000000000000107, 0.9854462658471187, 0.009886205329724927, 0.002879269796727467, 0.0017882590264289245, 9.733634547752445e-06, 
21.999999999999908, 0.9793362060787025, 0.014028950482591264, 0.004099404313112601, 0.002535439125593565, 1.3798028855797894e-05, 
22.99999999999971, 0.9707786870921193, 0.019813754225482216, 0.005806174571709617, 0.00360138411068891, 1.9605955846069134e-05, 
23.99999999999951, 0.9587592935642848, 0.02792358430742037, 0.008212290223844452, 0.005104831904450425, 2.782268848620338e-05, 
24.99999999999931, 0.9419820944410879, 0.03914097257243862, 0.011655789846859037, 0.007221143139614426, 3.945249248316383e-05, 
25.999999999999112, 0.9187486081498754, 0.05463781937655101, 0.01640390866467272, 0.01020966380890085, 5.587380403603714e-05, 
26.999999999998913, 0.8868435585425893, 0.07573062769319878, 0.022946078602707306, 0.014479735161504546, 7.881133667496154e-05, 
27.999999999998714, 0.8438365630913803, 0.10391485622125798, 0.031900356014040836, 0.020348224673320918, 0.00011056126459156086, 
28.999999999998515, 0.7874400443394767, 0.14002476619414497, 0.04403109755184173, 0.028504091914536657, 0.0001542791439418543, 
29.999999999998316, 0.7154677864714665, 0.18504281655540186, 0.059762424290843, 0.039726972682288676, 0.0002135330335910905, 
30.999999999998117, 0.6274644110788774, 0.2379487000244666, 0.07982523854938009, 0.05476165034727597, 0.00029216020302750065, 
31.999999999997918, 0.525661072635852, 0.2953444548191718, 0.10436923599286974, 0.07462523655210639, 0.0003940241531903698, 
32.99999999999843, 0.4154551037833358, 0.3514903157190435, 0.13275668712207836, 0.10029789337554239, 0.0005219252244051332, 
33.99999999999894, 0.30565278394990836, 0.3986253763612669, 0.16340125728380758, 0.13232058240501715, 0.0006761115279598231, 
34.99999999999945, 0.20679033119791485, 0.4283765659874271, 0.1937857824070144, 0.17104732040764356, 0.00085329251213933, 
35.999999999999964, 0.12728046216913913, 0.4356690117988945, 0.22089947222041914, 0.21615105381154726, 0.0010457807786833282, 
37.000000000000476, 0.07087675323183854, 0.420533471810978, 0.24219130886340146, 0.266398466093782, 0.001242809856269609, 
38.00000000000099, 0.035660922840322955, 0.38820310276472614, 0.2556233740943612, 0.32051260030058965, 0.001431284039975025, 
39.0000000000015, 0.01629625561109086, 0.3461500052428435, 0.26094660788024343, 0.3766071312658222, 0.0015989370719472567, 
40.00000000000201, 0.006812600799908125, 0.30167141851372875, 0.25841166807308025, 0.43310431261328286, 0.0017359178707036804, 
41.00000000000252, 0.0026631647800751976, 0.2590991296879759, 0.2498929960603776, 0.48834470947157127, 0.0018363246617996275, 
42.000000000003034, 0.0009964398595916574, 0.22074528268912935, 0.23722139279882962, 0.5410368846524495, 0.0018985637075943952, 
43.000000000003546, 0.00035601404083426125, 0.1874797900865319, 0.2213581461305318, 0.590806049742102, 0.001923715087358258, 
44.00000000000406, 0.00012353137966675487, 0.15892526701053064, 0.20403619059983125, 0.6369150110099714, 0.0019151633846490317, 
45.00000000000457, 4.563770453331203e-05, 0.1346039655869738, 0.18611874790910407, 0.6792316487993889, 0.0018777097230775533, 
46.00000000000508, 1.587832608489412e-05, 0.11397512395580033, 0.16838465494599872, 0.7176243427721161, 0.0018167474818181618, 
47.00000000000559, 5.592366419836922e-06, 0.0964309717235973, 0.15130057471551334, 0.7522628611944695, 0.0017376631209233978, 
48.000000000006104, 1.897410035301813e-06, 0.0816243827175905, 0.13510677924632877, 0.7832669406260454, 0.0016453157037365981, 
49.000000000006615, 7.989094885481318e-07, 0.06907840797311669, 0.12010066259555707, 0.8108201305218378, 0.0015440599822501113, 
50.00000000000713, 0.0, 0.0584688899651975, 0.10615150319813454, 0.835379606836668, 0.0014376320683164407, 
51.00000000000764, 0.0, 0.04950272877522183, 0.09351824759203686, 0.8569790236327414, 0.0013290437652087237, 
52.00000000000815, 0.0, 0.04190869463182756, 0.08201804536807258, 0.8760732600000999, 0.0012208719680756313, 
53.00000000000866, 0.0, 0.03548266616069066, 0.07178910786776051, 0.8927282259715489, 0.0011150305477638624, 
54.00000000000917, 0.0, 0.03004289145316643, 0.06265227963829373, 0.9073048289085399, 0.0010132404765593893, 
55.000000000009685, 0.0, 0.025432684385813368, 0.05453925391840138, 0.9200280616957853, 0.0009164013592669506, 
56.000000000010196, 0.0, 0.02155767377529672, 0.04732270450834611, 0.9311196217163572, 0.0008252718826271152, 
57.00000000001071, 0.0, 0.018244196671543342, 0.04103049337654102, 0.9407253099519156, 0.0007402953637955753, 
58.00000000001122, 0.0, 0.015482566297004589, 0.03551032840173164, 0.9490071053012638, 0.0006617436633948443, 
59.00000000001173, 0.0, 0.013099718883723717, 0.030727956339596452, 0.9561723247766798, 0.0005896509946528911, 
60.00000000001224, 0.0, 0.0110671932811712, 0.026578420456077455, 0.9623543862627514, 0.0005239450454277995, 
61.000000000012754, 0.0, 0.009375901893914807, 0.022907331492512718, 0.9677167666135724, 0.0004643195826946396, 
62.000000000013266, 0.0, 0.007948050910507157, 0.019741652644140746, 0.972310296445352, 0.00041044839268489263, 
63.00000000001378, 0.0, 0.006731311759448353, 0.01699719882360578, 0.9762714894169459, 0.0003620054959941921, 
64.00000000001428, 0.0, 0.005677350416681231, 0.014656893340590095, 0.9796657562427287, 0.00031864842672331477, 
65.00000000001337, 0.0, 0.004801346162488203, 0.012608689139324822, 0.9825899646981869, 0.0002799527293796389, 
66.00000000001246, 0.0, 0.004060757066604086, 0.010815636655964607, 0.9851236062774313, 0.0002454876768202776, 
67.00000000001155, 0.0, 0.0034371083471062, 0.009257163971179339, 0.9873057276817144, 0.0002148697912137232, 
68.00000000001064, 0.0, 0.0029244081828304364, 0.007921487170012932, 0.9891541046471567, 0.00018772853185393016, 
69.00000000000973, 0.0, 0.0024737233676032215, 0.0067835404672621875, 0.9907427361651345, 0.00016375151391072226, 
70.00000000000882, 0.0, 0.0020939417694846537, 0.0057989843863126824, 0.9921070738442027, 0.00014263895384233327, 
71.00000000000792, 0.0, 0.0017812685684041284, 0.004977905159457341, 0.9932408262721385, 0.00012408948966051247, 
72.000000000007, 0.0, 0.0015044464306222007, 0.004242508975248785, 0.994253044594129, 0.00010783019701925713, 
73.0000000000061, 0.0, 0.0012756587258392295, 0.003615764481482776, 0.9951085767926781, 9.355739231173578e-05, 
74.00000000000519, 0.0, 0.0010730353068062095, 0.003093976721774777, 0.9958329879714191, 8.108527687247301e-05, 
75.00000000000428, 0.0, 0.0009087595432234999, 0.0026336051289989164, 0.9964576353277776, 7.019422659217139e-05, 
76.00000000000337, 0.0, 0.0007735441122867287, 0.0022550218951131705, 0.9969714339926001, 6.070821202270188e-05, 
77.00000000000246, 0.0, 0.0006548061895512626, 0.0019173827725155164, 0.9974278110379333, 5.2447274344334896e-05, 
78.00000000000155, 0.0, 0.0005501490465514572, 0.001630574266126737, 0.9978192766873218, 4.5270290812642385e-05, 
79.00000000000064, 0.0, 0.00046596395919569787, 0.0013835115067932274, 0.9981505245340111, 3.903526109247383e-05, 
79.99999999999973, 0.0, 0.00039546019683132526, 0.001184283453086537, 0.9984202563500821, 3.362953205895425e-05, 
80.99999999999882, 0.0, 0.000336440758364832, 0.0010166123241774976, 0.9986469469174577, 2.8961936248237083e-05, 
81.99999999999791, 0.0, 0.00028930509854049224, 0.0008589275638753103, 0.9988517673375842, 2.4927264688291843e-05, 
82.999999999997, 0.0, 0.0002442665761235913, 0.0007338982289175276, 0.9990218351949589, 2.144055261428047e-05, 
83.99999999999609, 0.0, 0.00020432110169618471, 0.0006276432669406261, 0.9991680356313632, 1.842855122085314e-05, 
84.99999999999518, 0.0, 0.00017386267744528717, 0.0005358685394436594, 0.9992902687831111, 1.5834421188417264e-05, 
85.99999999999427, 0.0, 0.00014330438950832115, 0.0004588736374848332, 0.9993978219730069, 1.3604016860265966e-05, 
86.99999999999336, 0.0, 0.00012023587802649384, 0.00038647246508515876, 0.9994932916568883, 1.1674041499686432e-05, 
87.99999999999245, 0.0, 0.0001000634134406535, 0.0003267539808161859, 0.9995731826057431, 1.001099742017848e-05, 
88.99999999999154, 0.0, 8.458454210003346e-05, 0.0002714294987342278, 0.9996439859591657, 8.573225310469574e-06, 
89.99999999999064, 0.0, 7.180199028326335e-05, 0.00023108456956254714, 0.9996971134401541, 7.3326453510515764e-06, 
90.99999999998973, 0.0, 6.0717121129658016e-05, 0.00019413500571719604, 0.9997451478731532, 6.268916289493498e-06, 
91.99999999998882, 0.0, 5.15296620113545e-05, 0.00016477508201305217, 0.9997836952559757, 5.355947680494609e-06, 
92.9999999999879, 0.0, 4.384015818407873e-05, 0.00014020861524019715, 0.9998159512265756, 4.572567969814773e-06, 
93.999999999987, 0.0, 3.664997278714555e-05, 0.00011783914956084944, 0.999845510877652, 3.901962969908572e-06, 
94.99999999998609, 0.0, 3.145706111158269e-05, 9.966395869637944e-05, 0.9998688789801919, 3.3280938638939974e-06, 
95.99999999998518, 0.0, 2.5964558377814283e-05, 8.688140687960933e-05, 0.9998871540347426, 2.8408971348818724e-06, 
96.99999999998427, 0.0, 2.157055619079956e-05, 7.369940031856516e-05, 0.9999047300434906, 2.4252370564833715e-06, 
97.99999999998336, 0.0, 1.7775736120195932e-05, 6.371303171171351e-05, 0.9999185112321681, 2.070211426804461e-06, 
98.99999999998245, 0.0, 1.4480234479934889e-05, 5.302761730238225e-05, 0.9999324921482177, 1.7664535472783188e-06, 
99.99999999998154, 0.0, 1.1883778642153461e-05, 4.5737568219380544e-05, 0.9999423786531385, 1.5073279425205378e-06, 
100.99999999998063, 0.0, 1.0385823351125714e-05, 3.744888227569368e-05, 0.9999521652943731, 1.285353317497917e-06, 
101.99999999997972, 0.0, 8.588277001892416e-06, 3.2355834286199333e-05, 0.9999590558887119, 1.0938142709208556e-06, 
102.99999999997881, 0.0, 7.09032171086467e-06, 2.7262786296704997e-05, 0.9999656468919924, 9.316909307241476e-07, 
103.9999999999779, 0.0, 6.191548536248021e-06, 2.3168375167895823e-05, 0.9999706400762959, 7.933672386424501e-07, 
104.99999999997699, 0.0, 5.09304798949434e-06, 1.9673146155497745e-05, 0.999975233805855, 6.762498768900914e-07, 
105.99999999997608, 0.0, 4.194274814877692e-06, 1.587832608489412e-05, 0.9999799273991002, 5.746919248458232e-07, 
106.99999999997517, 0.0, 3.5950926984665933e-06, 1.3681324991386756e-05, 0.9999827235823101, 4.877359001922332e-07, 
107.99999999997426, 0.0, 2.896046895986978e-06, 1.1783914956084945e-05, 0.999985320038148, 4.146928283462188e-07, 
108.99999999997335, 0.0, 2.3967284656443952e-06, 9.686777548646097e-06, 0.9999879164939858, 3.525145125816161e-07, 
109.99999999997245, 0.0, 2.1970010935073625e-06, 8.588277001892416e-06, 0.9999892147219046, 2.996394461786063e-07, 
110.99999999997154, 0.0, 2.097137407438846e-06, 6.990458024796153e-06, 0.9999909124045678, 2.545720697715281e-07, 
111.99999999997063, 0.0, 1.69768266316478e-06, 5.9918211641109885e-06, 0.9999923104961728, 2.1622795429249523e-07, 
112.99999999996972, 0.0, 1.4979552910277471e-06, 5.09304798949434e-06, 0.9999934089967195, 1.8334995703124902e-07, 
113.99999999996881, 0.0, 1.1983642328221976e-06, 4.394002187014725e-06, 0.9999944076335802, 1.558865120311624e-07, 
114.9999999999679, 0.0, 8.987731746166483e-07, 3.1956379541925274e-06, 0.9999959055888712, 1.3168695074971012e-07, 
115.99999999996699, 0.0, 5.991821164110988e-07, 2.896046895986978e-06, 0.9999965047709876, 1.1128264362473154e-07, 
116.99999999996608, 0.0, 5.991821164110988e-07, 2.496592151712912e-06, 0.999996904225732, 9.422537862024892e-08, 
117.99999999996517, 0.0, 5.991821164110988e-07, 1.7975463492332966e-06, 0.9999976032715343, 7.982847935885116e-08, 
118.99999999996426, 0.0, 4.993184303425823e-07, 1.7975463492332966e-06, 0.9999977031352204, 6.722603591142624e-08, 
119.99999999996335, 0.0, 4.993184303425823e-07, 1.2982279188907142e-06, 0.9999982024536507, 5.65818606293007e-08, 
120.99999999996244, 0.0, 2.995910582055494e-07, 1.1983642328221976e-06, 0.999998502044709, 4.7544753278106656e-08, 
121.99999999996153, 0.0, 2.995910582055494e-07, 8.987731746166483e-07, 0.9999988016357673, 4.0199621630041785e-08, 
122.99999999996062, 0.0, 2.995910582055494e-07, 6.990458024796153e-07, 0.9999990013631394, 3.379045148456832e-08, 
123.99999999995971, 0.0, 2.995910582055494e-07, 5.991821164110988e-07, 0.9999991012268253, 2.8370716751271997e-08, 
124.9999999999588, 0.0, 2.995910582055494e-07, 5.991821164110988e-07, 0.9999991012268253, 2.387440995869429e-08, 
125.9999999999579, 0.0, 2.995910582055494e-07, 4.993184303425823e-07, 0.9999992010905114, 2.016023956673192e-08, 
126.99999999995698, 0.0, 2.995910582055494e-07, 3.994547442740659e-07, 0.9999993009541975, 1.6979176198455637e-08, 
127.99999999995607, 0.0, 0.0, 4.993184303425823e-07, 0.9999995006815696, 1.4615225706445503e-08, 
128.99999999995518, 0.0, 0.0, 3.994547442740659e-07, 0.9999996005452557, 1.2573811256475492e-08, 
129.99999999995427, 0.0, 0.0, 2.995910582055494e-07, 0.9999997004089417, 1.0688358185274512e-08, 
130.99999999995336, 0.0, 0.0, 9.986368606851648e-08, 0.9999999001363139, 8.90722780322891e-09, 
131.99999999995245, 0.0, 0.0, 9.986368606851648e-08, 0.9999999001363139, 7.343415809877294e-09, 
132.99999999995154, 0.0, 0.0, 0.0, 1.0, 5.923870070811828e-09, 
133.99999999995063, 0.0, 0.0, 0.0, 1.0, 4.769330081365622e-09, 
134.99999999994972, 0.0, 0.0, 0.0, 1.0, 3.83980559214084e-09, 
135.9999999999488, 0.0, 0.0, 0.0, 1.0, 3.0914419287193304e-09, 
136.9999999999479, 0.0, 0.0, 0.0, 1.0, 2.48893152773276e-09, 
137.999999999947, 0.0, 0.0, 0.0, 1.0, 2.003848137075762e-09, 
138.99999999994608, 0.0, 0.0, 0.0, 1.0, 1.6133056742303206e-09, 
139.99999999994517, 0.0, 0.0, 0.0, 1.0, 1.2988784680569554e-09, 
140.99999999994427, 0.0, 0.0, 0.0, 1.0, 1.0457319413984336e-09, 
141.99999999994336, 0.0, 0.0, 0.0, 1.0, 8.419227203733933e-10, 
142.99999999994245, 0.0, 0.0, 0.0, 1.0, 6.778351497354356e-10, 
143.99999999994154, 0.0, 0.0, 0.0, 1.0, 5.4572762926874e-10, 
144.99999999994063, 0.0, 0.0, 0.0, 1.0, 4.3936736751335546e-10, 
145.99999999993972, 0.0, 0.0, 0.0, 1.0, 3.537363206152658e-10, 
146.9999999999388, 0.0, 0.0, 0.0, 1.0, 2.847944425882348e-10, 
147.9999999999379, 0.0, 0.0, 0.0, 1.0, 2.2928907720889277e-10, 
148.999999999937, 0.0, 0.0, 0.0, 1.0, 1.8460149871434849e-10, 
149.99999999993608, 0.0, 0.0, 0.0, 1.0, 1.4862336114047527e-10, 
150.99999999993517, 0.0, 0.0, 0.0, 1.0, 1.1965722721933259e-10, 
151.99999999993426, 0.0, 0.0, 0.0, 1.0, 9.633648382023941e-11, 
152.99999999993335, 0.0, 0.0, 0.0, 1.0, 7.756086557008064e-11, 
153.99999999993244, 0.0, 0.0, 0.0, 1.0, 6.244454467743695e-11, 
154.99999999993153, 0.0, 0.0, 0.0, 1.0, 5.027433785468989e-11, 
155.99999999993062, 0.0, 0.0, 0.0, 1.0, 4.047605855377097e-11, 
156.9999999999297, 0.0, 0.0, 0.0, 1.0, 3.258742702457024e-11, 
157.9999999999288, 0.0, 0.0, 0.0, 1.0, 2.623626010104074e-11, 
158.9999999999279, 0.0, 0.0, 0.0, 1.0, 2.1122911715934724e-11, 
159.99999999992698, 0.0, 0.0, 0.0, 1.0, 1.7006135693153665e-11, 
160.99999999992608, 0.0, 0.0, 0.0, 1.0, 1.3691703828681051e-11, 
161.99999999992517, 0.0, 0.0, 0.0, 1.0, 1.1023242264719094e-11, 
162.99999999992426, 0.0, 0.0, 0.0, 1.0, 8.874853820029986e-12, 
163.99999999992335, 0.0, 0.0, 0.0, 1.0, 7.145178200336688e-12, 
164.99999999992244, 0.0, 0.0, 0.0, 1.0, 5.75260985136926e-12, 
165.99999999992153, 0.0, 0.0, 0.0, 1.0, 4.6314478343607046e-12, 
166.99999999992062, 0.0, 0.0, 0.0, 1.0, 3.728796076323299e-12, 
167.9999999999197, 0.0, 0.0, 0.0, 1.0, 3.0020677498839264e-12, 
168.9999999999188, 0.0, 0.0, 0.0, 1.0, 2.416976040100226e-12, 
169.9999999999179, 0.0, 0.0, 0.0, 1.0, 1.9459165032649375e-12, 
170.99999999991698, 0.0, 0.0, 0.0, 1.0, 1.5666646978932491e-12, 
171.99999999991607, 0.0, 0.0, 0.0, 1.0, 1.2613276425308017e-12, 
172.99999999991516, 0.0, 0.0, 0.0, 1.0, 1.0154996304899921e-12, 
173.99999999991425, 0.0, 0.0, 0.0, 1.0, 8.175825731180926e-13, 
174.99999999991334, 0.0, 0.0, 0.0, 1.0, 6.582388056053449e-13, 
175.99999999991243, 0.0, 0.0, 0.0, 1.0, 5.299505388823493e-13, 
176.99999999991152, 0.0, 0.0, 0.0, 1.0, 4.2666517268518224e-13, 
177.9999999999106, 0.0, 0.0, 0.0, 1.0, 3.435097357696819e-13, 
178.9999999999097, 0.0, 0.0, 0.0, 1.0, 2.7656098065361196e-13, 
179.9999999999088, 0.0, 0.0, 0.0, 1.0, 2.226602860286038e-13, 
180.99999999990789, 0.0, 0.0, 0.0, 1.0, 1.7926463399562062e-13, 
181.99999999990698, 0.0, 0.0, 0.0, 1.0, 1.4432663127656066e-13, 
182.99999999990607, 0.0, 0.0, 0.0, 1.0, 1.1619791384032373e-13, 
183.99999999990516, 0.0, 0.0, 0.0, 1.0, 9.355137760383713e-14, 
184.99999999990425, 0.0, 0.0, 0.0, 1.0, 7.531856607686006e-14, 
185.99999999990334, 0.0, 0.0, 0.0, 1.0, 6.063926091924974e-14, 
186.99999999990243, 0.0, 0.0, 0.0, 1.0, 4.882089710896079e-14, 
187.99999999990152, 0.0, 0.0, 0.0, 1.0, 3.930588794110959e-14, 
188.9999999999006, 0.0, 0.0, 0.0, 1.0, 3.164531826178788e-14, 
189.9999999998997, 0.0, 0.0, 0.0, 1.0, 2.5477764791632266e-14, 
190.9999999998988, 0.0, 0.0, 0.0, 1.0, 2.0512244288645795e-14, 
191.99999999989788, 0.0, 0.0, 0.0, 1.0, 1.6514485049931494e-14, 
192.99999999989697, 0.0, 0.0, 0.0, 1.0, 1.3295874046087435e-14, 
193.99999999989606, 0.0, 0.0, 0.0, 1.0, 1.0704558217524003e-14, 
194.99999999989515, 0.0, 0.0, 0.0, 1.0, 8.618280094649377e-15, 
195.99999999989424, 0.0, 0.0, 0.0, 1.0, 6.938609728726351e-15, 
196.99999999989333, 0.0, 0.0, 0.0, 1.0, 5.5863007977039635e-15, 
197.99999999989242, 0.0, 0.0, 0.0, 1.0, 4.49755178955082e-15, 
198.99999999989151, 0.0, 0.0, 0.0, 1.0, 3.620995866890254e-15, 
199.9999999998906, 0.0, 0.0, 0.0, 1.0, 2.915277395693044e-15, 
200.9999999998897, 0.0, 0.0, 0.0, 1.0, 2.3471007994101096e-15, 
201.9999999998888, 0.0, 0.0, 0.0, 1.0, 1.8896596840939582e-15, 
202.99999999988788, 0.0, 0.0, 0.0, 1.0, 1.5213721211238646e-15, 
203.99999999988697, 0.0, 0.0, 0.0, 1.0, 1.2248624185696722e-15, 
204.99999999988606, 0.0, 0.0, 0.0, 1.0, 9.861413414859061e-16, 
205.99999999988515, 0.0, 0.0, 0.0, 1.0, 7.939461041863185e-16, 
206.99999999988424, 0.0, 0.0, 0.0, 1.0, 6.392089955409714e-16, 
207.99999999988333, 0.0, 0.0, 0.0, 1.0, 5.146295672037361e-16, 
208.99999999988242, 0.0, 0.0, 0.0, 1.0, 4.1433020074469414e-16, 
209.9999999998815, 0.0, 0.0, 0.0, 1.0, 3.3357880345257425e-16, 
210.9999999998806, 0.0, 0.0, 0.0, 1.0, 2.6856554968199755e-16, 
211.9999999998797, 0.0, 0.0, 0.0, 1.0, 2.1622313447217597e-16, 
212.99999999987878, 0.0, 0.0, 0.0, 1.0, 1.740820590590685e-16, 
213.99999999987787, 0.0, 0.0, 0.0, 1.0, 1.4015412069675946e-16, 
214.99999999987696, 0.0, 0.0, 0.0, 1.0, 1.1283860987430426e-16, 
215.99999999987605, 0.0, 0.0, 0.0, 1.0, 9.084678934209763e-17, 
216.99999999987514, 0.0, 0.0, 0.0, 1.0, 7.314109189187093e-17, 
217.99999999987423, 0.0, 0.0, 0.0, 1.0, 5.888616826061173e-17, 
218.99999999987332, 0.0, 0.0, 0.0, 1.0, 4.7409475613837124e-17, 
219.99999999987241, 0.0, 0.0, 0.0, 1.0, 3.816954718519951e-17, 
220.9999999998715, 0.0, 0.0, 0.0, 1.0, 3.0730446043953946e-17, 
221.9999999998706, 0.0, 0.0, 0.0, 1.0, 2.474119772703373e-17, 
222.9999999998697, 0.0, 0.0, 0.0, 1.0, 1.99192313737539e-17, 
223.99999999986878, 0.0, 0.0, 0.0, 1.0, 1.603704812106167e-17, 
224.99999999986787, 0.0, 0.0, 0.0, 1.0, 1.2911487778395104e-17, 
225.99999999986696, 0.0, 0.0, 0.0, 1.0, 1.0395087387229836e-17, 
226.99999999986605, 0.0, 0.0, 0.0, 1.0, 8.369123964858555e-18, 
227.99999999986514, 0.0, 0.0, 0.0, 1.0, 6.738013191232554e-18, 
228.99999999986423, 0.0, 0.0, 0.0, 1.0, 5.424799770664074e-18, 
229.99999999986332, 0.0, 0.0, 0.0, 1.0, 4.367526705066274e-18, 
230.9999999998624, 0.0, 0.0, 0.0, 1.0, 3.516312182178839e-18, 
231.9999999998615, 0.0, 0.0, 0.0, 1.0, 2.830996167280834e-18, 
232.9999999998606, 0.0, 0.0, 0.0, 1.0, 2.2792456653244768e-18, 
233.99999999985968, 0.0, 0.0, 0.0, 1.0, 1.8350292603504905e-18, 
234.99999999985877, 0.0, 0.0, 0.0, 1.0, 1.4773889614321533e-18, 
235.99999999985786, 0.0, 0.0, 0.0, 1.0, 1.1894514112241911e-18, 
236.99999999985695, 0.0, 0.0, 0.0, 1.0, 9.576318062453541e-19, 
237.99999999985604, 0.0, 0.0, 0.0, 1.0, 7.709929701028278e-19, 
238.99999999985513, 0.0, 0.0, 0.0, 1.0, 6.207293409338594e-19, 
239.99999999985423, 0.0, 0.0, 0.0, 1.0, 4.997515277536124e-19, 
