0.0, 1001365, 0, 0, 0, 0.01877559375, 
1.0000000000000007, 1001353.0, 10.0, 2.0, 0.0, 0.015672871436161986, 
2.0049999999999795, 1001341.0, 20.0, 4.0, 0.0, 0.018231613890875537, 
3.004999999999958, 1001332.0, 28.0, 5.0, 0.0, 0.022926521745876095, 
4.004999999999937, 1001319.0, 39.0, 6.0, 1.0, 0.02654313479714723, 
5.0049999999999155, 1001299.0, 49.0, 16.0, 1.0, 0.03852513794209103, 
6.004999999999894, 1001267.0, 69.0, 24.0, 5.0, 0.0639737793616298, 
7.004999999999873, 1001215.0, 103.0, 36.0, 11.0, 0.10356272693513022, 
8.004999999999852, 1001151.0, 146.0, 45.0, 23.0, 0.1568260504120178, 
9.000000000000007, 1001069.0, 197.0, 62.0, 37.0, 0.21459563813026297, 
10.000000000000163, 1000950.0, 282.0, 80.0, 53.0, 0.29027052767231837, 
11.00000000000032, 1000766.0, 402.0, 115.0, 82.0, 0.40148620469301766, 
12.000000000000476, 1000504.0, 576.0, 177.0, 108.0, 0.5734267889887525, 
13.000000000000632, 1000156.0, 805.0, 245.0, 159.0, 0.8083262051376433, 
14.000000000000789, 999604.0, 1170.0, 369.0, 222.0, 1.1810658727923724, 
15.000000000000945, 998784.0, 1758.0, 520.0, 303.0, 1.6967225395794798, 
16.0000000000011, 997723.0, 2477.0, 736.0, 429.0, 2.4503544276285503, 
17.000000000000902, 996156.0, 3525.0, 1064.0, 620.0, 3.5471136329771125, 
18.000000000000703, 993887.0, 5092.0, 1497.0, 889.0, 5.04854320167336, 
19.000000000000504, 990689.0, 7317.0, 2082.0, 1277.0, 7.113743565613914, 
20.000000000000306, 986236.0, 10302.0, 2992.0, 1835.0, 10.072764941552512, 
21.000000000000107, 979805.0, 14679.0, 4251.0, 2630.0, 14.356707575846356, 
22.004999999999907, 970764.0, 20823.0, 6037.0, 3741.0, 20.39683295328895, 
23.004999999999708, 958134.0, 29339.0, 8574.0, 5318.0, 28.925996532538953, 
24.00499999999951, 940689.0, 40941.0, 12145.0, 7590.0, 41.112732284257106, 
25.00499999999931, 916395.0, 57197.0, 17086.0, 10687.0, 58.152793289415506, 
26.00499999999911, 883164.0, 79166.0, 24005.0, 15030.0, 82.16052738710113, 
27.004999999998912, 838164.0, 108824.0, 33054.0, 21323.0, 115.28933625632071, 
28.004999999998713, 779517.0, 146459.0, 45656.0, 29733.0, 160.36855734535476, 
29.004999999998514, 704954.0, 192877.0, 62264.0, 41270.0, 221.96590690281357, 
30.004999999998315, 613316.0, 247807.0, 83251.0, 56991.0, 303.92857192325954, 
31.004999999998116, 507511.0, 307365.0, 108996.0, 77493.0, 410.7425353524428, 
32.00499999999792, 393774.0, 364709.0, 138715.0, 104167.0, 544.5689660507205, 
33.00499999999843, 282842.0, 410822.0, 170093.0, 137608.0, 705.4789531311134, 
34.004999999998944, 185000.0, 437824.0, 200621.0, 177920.0, 888.5715325379241, 
35.004999999999455, 109316.0, 440591.0, 227068.0, 224390.0, 1085.4710644684073, 
36.00499999999997, 58180.0, 419914.0, 247545.0, 275726.0, 1284.690597779415, 
37.000000000000476, 28213.0, 383049.0, 259479.0, 330624.0, 1471.9789881279203, 
38.00000000000099, 12379.0, 338533.0, 263412.0, 387041.0, 1637.143593320423, 
39.0000000000015, 4984.0, 293252.0, 259157.0, 443972.0, 1769.61429175505, 
40.00000000000201, 1857.0, 251311.0, 248987.0, 499210.0, 1863.2435273517667, 
41.00000000000252, 695.0, 213820.0, 235040.0, 551810.0, 1917.3528548900358, 
42.000000000003034, 259.0, 181476.0, 218621.0, 601009.0, 1934.5091287239638, 
43.000000000003546, 84.0, 153794.0, 201020.0, 646467.0, 1918.891010945407, 
44.00000000000406, 18.0, 130380.0, 182854.0, 688113.0, 1875.1238289050293, 
45.00000000000457, 6.0, 110361.0, 165480.0, 725518.0, 1809.3750773675772, 
46.00000000000508, 4.0, 93350.0, 148576.0, 759435.0, 1726.8794286490722, 
47.00000000000559, 1.0, 79019.0, 132504.0, 789841.0, 1632.105493157714, 
48.000000000006104, 0.0, 66948.0, 117457.0, 816960.0, 1529.0505993860781, 
49.000000000006615, 0.0, 56673.0, 103850.0, 840842.0, 1421.277945864696, 
50.00000000000713, 0.0, 48071.0, 91214.0, 862080.0, 1311.9231013445983, 
51.00000000000764, 0.0, 40685.0, 80178.0, 880502.0, 1203.4233699066751, 
52.00000000000815, 0.0, 34379.0, 70152.0, 896834.0, 1098.0377826246547, 
53.00000000000866, 0.0, 29087.0, 61225.0, 911053.0, 996.8397240507935, 
54.00000000000917, 0.0, 24481.0, 53470.0, 923414.0, 901.0937241040731, 
55.000000000009685, 0.0, 20704.0, 46468.0, 934193.0, 811.3043811792257, 
56.000000000010196, 0.0, 17593.0, 40262.0, 943510.0, 727.5894823662552, 
57.00000000001071, 0.0, 14881.0, 34620.0, 951864.0, 650.0544355097473, 
58.00000000001122, 0.0, 12605.0, 29963.0, 958797.0, 578.7782695672327, 
59.00000000001173, 0.0, 10715.0, 25864.0, 964786.0, 513.9868784754395, 
60.00000000001224, 0.0, 9021.0, 22365.0, 969979.0, 455.17297042018424, 
61.000000000012754, 0.0, 7685.0, 19243.0, 974437.0, 402.21474678496395, 
62.000000000013266, 0.0, 6599.0, 16527.0, 978239.0, 354.5325912761558, 
63.00000000001378, 0.0, 5593.0, 14220.0, 981552.0, 311.8352921667644, 
64.00000000001428, 0.0, 4698.0, 12217.0, 984450.0, 273.746900602596, 
65.00000000001337, 0.0, 3982.0, 10545.0, 986838.0, 239.94354271357588, 
66.00000000001246, 0.0, 3354.0, 9085.0, 988926.0, 210.0347258432168, 
67.00000000001155, 0.0, 2800.0, 7780.0, 990785.0, 183.55454950747287, 
68.00000000001064, 0.0, 2357.0, 6673.0, 992335.0, 160.19728620468317, 
69.00000000000973, 0.0, 2029.0, 5636.0, 993700.0, 139.528132922683, 
70.00000000000882, 0.0, 1681.0, 4888.0, 994796.0, 121.35789489941051, 
71.00000000000792, 0.0, 1450.0, 4179.0, 995736.0, 105.45211662512249, 
72.000000000007, 0.0, 1233.0, 3553.0, 996579.0, 91.52934641636404, 
73.0000000000061, 0.0, 1053.0, 2997.0, 997315.0, 79.30767397698126, 
74.00000000000519, 0.0, 877.0, 2577.0, 997911.0, 68.6665616862581, 
75.00000000000428, 0.0, 732.0, 2228.0, 998405.0, 59.410889343013864, 
76.00000000000337, 0.0, 615.0, 1893.0, 998857.0, 51.363233627697824, 
77.00000000000246, 0.0, 523.0, 1605.0, 999237.0, 44.351206428802584, 
78.00000000000155, 0.0, 433.0, 1372.0, 999560.0, 38.27746411966322, 
79.00000000000064, 0.0, 368.0, 1148.0, 999849.0, 32.98303739445112, 
80.00499999999973, 0.0, 315.0, 959.0, 1000091.0, 28.342675442759976, 
81.00499999999882, 0.0, 268.0, 819.0, 1000278.0, 24.343015140092522, 
82.0049999999979, 0.0, 226.0, 678.0, 1000461.0, 20.88363696016131, 
83.004999999997, 0.0, 192.0, 579.0, 1000594.0, 17.901223639347304, 
84.00499999999609, 0.0, 160.0, 497.0, 1000708.0, 15.32800932644391, 
85.00499999999518, 0.0, 139.0, 410.0, 1000816.0, 13.11486776767233, 
86.00499999999427, 0.0, 106.0, 352.0, 1000907.0, 11.20965219457112, 
87.00499999999336, 0.0, 94.0, 288.0, 1000983.0, 9.566454083860686, 
88.00499999999245, 0.0, 78.0, 248.0, 1001039.0, 8.164331832896087, 
89.00499999999154, 0.0, 67.0, 194.0, 1001104.0, 6.950535795817664, 
90.00499999999063, 0.0, 59.0, 171.0, 1001135.0, 5.912395013583147, 
91.00499999998972, 0.0, 48.0, 148.0, 1001169.0, 5.032149866124892, 
92.00499999998881, 0.0, 40.0, 137.0, 1001188.0, 4.290331556539929, 
93.0049999999879, 0.0, 31.0, 123.0, 1001211.0, 3.678130022514683, 
94.00499999998699, 0.0, 26.0, 112.0, 1001227.0, 3.1663839106114073, 
95.00499999998608, 0.0, 22.0, 86.0, 1001257.0, 2.720028017945516, 
96.00499999998517, 0.0, 19.0, 77.0, 1001269.0, 2.3311667103825293, 
97.00499999998426, 0.0, 17.0, 58.0, 1001290.0, 1.9923450206919637, 
98.00499999998335, 0.0, 11.0, 54.0, 1001300.0, 1.7007091748761891, 
99.00499999998245, 0.0, 7.0, 49.0, 1001309.0, 1.4557385342312643, 
100.00499999998154, 0.0, 5.0, 42.0, 1001318.0, 1.2500840620229015, 
101.00499999998063, 0.0, 4.0, 35.0, 1001326.0, 1.0726352709286655, 
102.00499999997972, 0.0, 3.0, 30.0, 1001332.0, 0.919040643156262, 
103.0049999999788, 0.0, 1.0, 20.0, 1001344.0, 0.7827456215259553, 
104.0049999999779, 0.0, 1.0, 15.0, 1001349.0, 0.6593929586272776, 
105.00499999997699, 0.0, 0.0, 13.0, 1001352.0, 0.5540056994466649, 
106.00499999997608, 0.0, 0.0, 8.0, 1001357.0, 0.46375392608849947, 
107.00499999997517, 0.0, 0.0, 8.0, 1001357.0, 0.38716268749567695, 
108.00499999997426, 0.0, 0.0, 5.0, 1001360.0, 0.3234394179563539, 
109.00499999997335, 0.0, 0.0, 2.0, 1001363.0, 0.26522279535448007, 
110.00499999997244, 0.0, 0.0, 1.0, 1001364.0, 0.21632478589801532, 
111.00499999997153, 0.0, 0.0, 1.0, 1001364.0, 0.1758879811072173, 
112.00499999997062, 0.0, 0.0, 1.0, 1001364.0, 0.1433321574349007, 
113.00499999996971, 0.0, 0.0, 0.0, 1001365.0, 0.11695982897032317, 
114.0049999999688, 0.0, 0.0, 0.0, 1001365.0, 0.09416479834155028, 
115.0049999999679, 0.0, 0.0, 0.0, 1001365.0, 0.07581243342066359, 
116.00499999996698, 0.0, 0.0, 0.0, 1001365.0, 0.061036875375821344, 
117.00499999996607, 0.0, 0.0, 0.0, 1001365.0, 0.04914101800389003, 
118.00499999996516, 0.0, 0.0, 0.0, 1001365.0, 0.039563618478006796, 
119.00499999996426, 0.0, 0.0, 0.0, 1001365.0, 0.031852818086702456, 
120.00499999996335, 0.0, 0.0, 0.0, 1001365.0, 0.025644823681346844, 
121.00499999996244, 0.0, 0.0, 0.0, 1001365.0, 0.020646744029280045, 
122.00499999996153, 0.0, 0.0, 0.0, 1001365.0, 0.016622771297144012, 
123.00499999996062, 0.0, 0.0, 0.0, 1001365.0, 0.013383055711123196, 
124.00499999995971, 0.0, 0.0, 0.0, 1001365.0, 0.01077474850404756, 
125.0049999999588, 0.0, 0.0, 0.0, 1001365.0, 0.008674790558406163, 
126.00499999995789, 0.0, 0.0, 0.0, 1001365.0, 0.006984106515706063, 
127.00499999995698, 0.0, 0.0, 0.0, 1001365.0, 0.005622930432073726, 
128.00499999995608, 0.0, 0.0, 0.0, 1001365.0, 0.004527042445993459, 
129.00499999995517, 0.0, 0.0, 0.0, 1001365.0, 0.003644738905344816, 
130.00499999995426, 0.0, 0.0, 0.0, 1001365.0, 0.0029343930052811626, 
131.00499999995336, 0.0, 0.0, 0.0, 1001365.0, 0.002362490848608091, 
132.00499999995245, 0.0, 0.0, 0.0, 1001365.0, 0.0019020502706051795, 
133.00499999995154, 0.0, 0.0, 0.0, 1001365.0, 0.0015313478289411084, 
134.00499999995063, 0.0, 0.0, 0.0, 1001365.0, 0.0012328938984649041, 
135.00499999994972, 0.0, 0.0, 0.0, 1001365.0, 0.0009926075161663646, 
136.0049999999488, 0.0, 0.0, 0.0, 1001365.0, 0.0007991520457492213, 
137.0049999999479, 0.0, 0.0, 0.0, 1001365.0, 0.0006434003186795601, 
138.004999999947, 0.0, 0.0, 0.0, 1001365.0, 0.0005180040172316144, 
139.00499999994608, 0.0, 0.0, 0.0, 1001365.0, 0.00041704698315782015, 
140.00499999994517, 0.0, 0.0, 0.0, 1001365.0, 0.00033576609519472253, 
141.00499999994426, 0.0, 0.0, 0.0, 1001365.0, 0.00027032654649284104, 
142.00499999994335, 0.0, 0.0, 0.0, 1001365.0, 0.00021764091962997814, 
143.00499999994244, 0.0, 0.0, 0.0, 1001365.0, 0.00017522352322374272, 
144.00499999994153, 0.0, 0.0, 0.0, 1001365.0, 0.0001410731177902651, 
145.00499999994062, 0.0, 0.0, 0.0, 1001365.0, 0.00011357849789182516, 
146.0049999999397, 0.0, 0.0, 0.0, 1001365.0, 9.144247596868175e-05, 
147.0049999999388, 0.0, 0.0, 0.0, 1001365.0, 7.362068143608347e-05, 
148.0049999999379, 0.0, 0.0, 0.0, 1001365.0, 5.927228760701526e-05, 
149.00499999993698, 0.0, 0.0, 0.0, 1001365.0, 4.772034175232204e-05, 
150.00499999993608, 0.0, 0.0, 0.0, 1001365.0, 3.8419826682864286e-05, 
151.00499999993517, 0.0, 0.0, 0.0, 1001365.0, 3.0931947009149456e-05, 
152.00499999993426, 0.0, 0.0, 0.0, 1001365.0, 2.490342691221898e-05, 
153.00499999993335, 0.0, 0.0, 0.0, 1001365.0, 2.004984270110082e-05, 
154.00499999993244, 0.0, 0.0, 0.0, 1001365.0, 1.6142203792107212e-05, 
155.00499999993153, 0.0, 0.0, 0.0, 1001365.0, 1.299614900478065e-05, 
156.00499999993062, 0.0, 0.0, 0.0, 1001365.0, 1.0463248459113462e-05, 
157.0049999999297, 0.0, 0.0, 0.0, 1001365.0, 8.424000700274219e-06, 
158.0049999999288, 0.0, 0.0, 0.0, 1001365.0, 6.7821946573782515e-06, 
159.0049999999279, 0.0, 0.0, 0.0, 1001365.0, 5.460370435281746e-06, 
160.00499999992698, 0.0, 0.0, 0.0, 1001365.0, 4.3961647809773465e-06, 
161.00499999992607, 0.0, 0.0, 0.0, 1001365.0, 3.539368804839773e-06, 
162.00499999992516, 0.0, 0.0, 0.0, 1001365.0, 2.8495591409309995e-06, 
163.00499999992425, 0.0, 0.0, 0.0, 1001365.0, 2.294190785249632e-06, 
164.00499999992334, 0.0, 0.0, 0.0, 1001365.0, 1.8470616326302035e-06, 
165.00499999992243, 0.0, 0.0, 0.0, 1001365.0, 1.4870762696239002e-06, 
166.00499999992152, 0.0, 0.0, 0.0, 1001365.0, 1.1972506994958918e-06, 
167.0049999999206, 0.0, 0.0, 0.0, 1001365.0, 9.639110425761345e-07, 
168.0049999999197, 0.0, 0.0, 0.0, 1001365.0, 7.76048406897087e-07, 
169.0049999999188, 0.0, 0.0, 0.0, 1001365.0, 6.24799492116969e-07, 
170.00499999991789, 0.0, 0.0, 0.0, 1001365.0, 5.030284217842496e-07, 
171.00499999991698, 0.0, 0.0, 0.0, 1001365.0, 4.0499007492051785e-07, 
172.00499999991607, 0.0, 0.0, 0.0, 1001365.0, 3.260590330112078e-07, 
173.00499999991516, 0.0, 0.0, 0.0, 1001365.0, 2.625113542080482e-07, 
174.00499999991425, 0.0, 0.0, 0.0, 1001365.0, 2.113488789184217e-07, 
175.00499999991334, 0.0, 0.0, 0.0, 1001365.0, 1.7015777757434686e-07, 
176.00499999991243, 0.0, 0.0, 0.0, 1001365.0, 1.3699466690910018e-07, 
177.00499999991152, 0.0, 0.0, 0.0, 1001365.0, 1.1029492174305808e-07, 
178.0049999999106, 0.0, 0.0, 0.0, 1001365.0, 8.879885645752264e-08, 
179.0049999999097, 0.0, 0.0, 0.0, 1001365.0, 7.149229342156922e-08, 
180.0049999999088, 0.0, 0.0, 0.0, 1001365.0, 5.755871440890328e-08, 
181.00499999990788, 0.0, 0.0, 0.0, 1001365.0, 4.634073752355186e-08, 
182.00499999990697, 0.0, 0.0, 0.0, 1001365.0, 3.7309102127801376e-08, 
183.00499999990606, 0.0, 0.0, 0.0, 1001365.0, 3.003769849099338e-08, 
184.00499999990515, 0.0, 0.0, 0.0, 1001365.0, 2.4183464065823557e-08, 
185.00499999990424, 0.0, 0.0, 0.0, 1001365.0, 1.9470197904754267e-08, 
186.00499999990333, 0.0, 0.0, 0.0, 1001365.0, 1.5675529585773072e-08, 
187.00499999990242, 0.0, 0.0, 0.0, 1001365.0, 1.2620427845494357e-08, 
188.00499999990151, 0.0, 0.0, 0.0, 1001365.0, 1.0160753940197702e-08, 
189.0049999999006, 0.0, 0.0, 0.0, 1001365.0, 8.1804612250211e-09, 
190.0049999998997, 0.0, 0.0, 0.0, 1001365.0, 6.586120109584264e-09, 
191.00499999989879, 0.0, 0.0, 0.0, 1001365.0, 5.302510079162248e-09, 
192.00499999989788, 0.0, 0.0, 0.0, 1001365.0, 4.269070814348091e-09, 
193.00499999989697, 0.0, 0.0, 0.0, 1001365.0, 3.4370449741413926e-09, 
194.00499999989606, 0.0, 0.0, 0.0, 1001365.0, 2.767177839863156e-09, 
195.00499999989515, 0.0, 0.0, 0.0, 1001365.0, 2.2278652898170405e-09, 
196.00499999989424, 0.0, 0.0, 0.0, 1001365.0, 1.7936627267212512e-09, 
197.00499999989333, 0.0, 0.0, 0.0, 1001365.0, 1.444084609574092e-09, 
198.00499999989242, 0.0, 0.0, 0.0, 1001365.0, 1.1626379522424238e-09, 
199.0049999998915, 0.0, 0.0, 0.0, 1001365.0, 9.360441895389527e-10, 
200.0049999998906, 0.0, 0.0, 0.0, 1001365.0, 7.53612698673492e-10, 
201.0049999998897, 0.0, 0.0, 0.0, 1001365.0, 6.067364190163686e-10, 
202.00499999988878, 0.0, 0.0, 0.0, 1001365.0, 4.884857736723212e-10, 
203.00499999988787, 0.0, 0.0, 0.0, 1001365.0, 3.9328173421185185e-10, 
204.00499999988696, 0.0, 0.0, 0.0, 1001365.0, 3.1663260385641303e-10, 
205.00499999988605, 0.0, 0.0, 0.0, 1001365.0, 2.5492210063050243e-10, 
206.00499999988514, 0.0, 0.0, 0.0, 1001365.0, 2.0523874231011794e-10, 
207.00499999988423, 0.0, 0.0, 0.0, 1001365.0, 1.6523848360285655e-10, 
208.00499999988332, 0.0, 0.0, 0.0, 1001365.0, 1.3303412482481114e-10, 
209.00499999988241, 0.0, 0.0, 0.0, 1001365.0, 1.0710627441026381e-10, 
210.0049999998815, 0.0, 0.0, 0.0, 1001365.0, 8.62316644932535e-11, 
211.0049999998806, 0.0, 0.0, 0.0, 1001365.0, 6.942543751259891e-11, 
212.0049999998797, 0.0, 0.0, 0.0, 1001365.0, 5.5894680940466746e-11, 
213.00499999987878, 0.0, 0.0, 0.0, 1001365.0, 4.5001017917526435e-11, 
214.00499999987787, 0.0, 0.0, 0.0, 1001365.0, 3.623048883256802e-11, 
215.00499999987696, 0.0, 0.0, 0.0, 1001365.0, 2.916930286893806e-11, 
216.00499999987605, 0.0, 0.0, 0.0, 1001365.0, 2.3484315483345115e-11, 
217.00499999987514, 0.0, 0.0, 0.0, 1001365.0, 1.8907310750596694e-11, 
218.00499999987423, 0.0, 0.0, 0.0, 1001365.0, 1.5222347020212473e-11, 
219.00499999987332, 0.0, 0.0, 0.0, 1001365.0, 1.2255568856954402e-11, 
220.0049999998724, 0.0, 0.0, 0.0, 1001365.0, 9.867004595816537e-12, 
221.0049999998715, 0.0, 0.0, 0.0, 1001365.0, 7.94396252268772e-12, 
222.0049999998706, 0.0, 0.0, 0.0, 1001365.0, 6.395714114557449e-12, 
223.00499999986968, 0.0, 0.0, 0.0, 1001365.0, 5.149213496202368e-12, 
224.00499999986877, 0.0, 0.0, 0.0, 1001365.0, 4.1456511586598985e-12, 
225.00499999986786, 0.0, 0.0, 0.0, 1001365.0, 3.3376793450054968e-12, 
226.00499999986695, 0.0, 0.0, 0.0, 1001365.0, 2.6871781980028952e-12, 
227.00499999986604, 0.0, 0.0, 0.0, 1001365.0, 2.1634572771729802e-12, 
228.00499999986513, 0.0, 0.0, 0.0, 1001365.0, 1.7418075934194836e-12, 
229.00499999986422, 0.0, 0.0, 0.0, 1001365.0, 1.4023358466584578e-12, 
230.00499999986332, 0.0, 0.0, 0.0, 1001365.0, 1.129025866147826e-12, 
231.0049999998624, 0.0, 0.0, 0.0, 1001365.0, 9.089829725655614e-13, 
232.0049999998615, 0.0, 0.0, 0.0, 1001365.0, 7.318256110758951e-13, 
233.0049999998606, 0.0, 0.0, 0.0, 1001365.0, 5.891955528220623e-13, 
234.00499999985968, 0.0, 0.0, 0.0, 1001365.0, 4.743635563053474e-13, 
235.00499999985877, 0.0, 0.0, 0.0, 1001365.0, 3.8191188387773335e-13, 
236.00499999985786, 0.0, 0.0, 0.0, 1001365.0, 3.074786945756675e-13, 
237.00499999985695, 0.0, 0.0, 0.0, 1001365.0, 2.475522538288543e-13, 
238.00499999985604, 0.0, 0.0, 0.0, 1001365.0, 1.9930525092256298e-13, 
239.00499999985513, 0.0, 0.0, 0.0, 1001365.0, 1.6046140736318274e-13, 
240.00499999985422, 0.0, 0.0, 0.0, 1001365.0, 1.2918808277147306e-13, 
