0.0, 1001365, 0, 0, 0, 0.01877559375, 
1.0000000000000007, 1001360.0, 5.0, 0.0, 0.0, 0.015116301167473707, 
2.0049999999999795, 1001354.0, 10.0, 1.0, 0.0, 0.012166589901751386, 
3.004999999999958, 1001349.0, 12.0, 4.0, 0.0, 0.013606143093147826, 
4.004999999999937, 1001339.0, 21.0, 4.0, 1.0, 0.017550032193505375, 
5.0049999999999155, 1001325.0, 27.0, 10.0, 3.0, 0.02668173654211978, 
6.004999999999894, 1001306.0, 41.0, 10.0, 8.0, 0.03909414721186589, 
7.004999999999873, 1001276.0, 61.0, 16.0, 12.0, 0.057818421531738724, 
8.004999999999852, 1001244.0, 84.0, 20.0, 17.0, 0.07394527366744126, 
9.000000000000007, 1001189.0, 119.0, 34.0, 23.0, 0.10708909791503297, 
10.000000000000163, 1001125.0, 161.0, 43.0, 36.0, 0.15214464012882842, 
11.00000000000032, 1001030.0, 220.0, 70.0, 45.0, 0.22121444506650648, 
12.000000000000476, 1000884.0, 324.0, 95.0, 62.0, 0.3208817477780689, 
13.000000000000632, 1000689.0, 458.0, 134.0, 84.0, 0.4495191002238223, 
14.000000000000789, 1000416.0, 647.0, 184.0, 118.0, 0.6355113773060151, 
15.000000000000945, 1000012.0, 909.0, 281.0, 163.0, 0.9168970627552175, 
16.0000000000011, 999438.0, 1300.0, 391.0, 236.0, 1.307153663575612, 
17.000000000000902, 998606.0, 1861.0, 565.0, 333.0, 1.8822294610039298, 
18.000000000000703, 997448.0, 2642.0, 801.0, 474.0, 2.684027291326199, 
19.000000000000504, 995649.0, 3928.0, 1100.0, 688.0, 3.7841039318945717, 
20.000000000000306, 993248.0, 5571.0, 1572.0, 974.0, 5.296054939261472, 
21.000000000000107, 989896.0, 7884.0, 2232.0, 1353.0, 7.544236097154971, 
22.004999999999907, 985022.0, 11223.0, 3190.0, 1930.0, 10.709408490694818, 
23.004999999999708, 978206.0, 15756.0, 4610.0, 2793.0, 15.351871894744152, 
24.00499999999951, 968545.0, 22292.0, 6525.0, 4003.0, 21.87366804100771, 
25.00499999999931, 955122.0, 31189.0, 9350.0, 5704.0, 31.247197651568737, 
26.00499999999911, 936080.0, 43944.0, 13176.0, 8165.0, 44.55109524106497, 
27.004999999998912, 910224.0, 61123.0, 18425.0, 11593.0, 63.012128731051966, 
28.004999999998713, 874326.0, 84928.0, 25728.0, 16383.0, 88.67707774383906, 
29.004999999998514, 826749.0, 115823.0, 35856.0, 22937.0, 124.21207388818085, 
30.004999999998315, 764350.0, 155732.0, 49155.0, 32128.0, 173.094983607249, 
31.004999999998116, 685204.0, 204846.0, 66815.0, 44500.0, 239.20751775487625, 
32.00499999999792, 589972.0, 261403.0, 88875.0, 61115.0, 326.63508036712676, 
33.00499999999843, 481604.0, 321402.0, 115108.0, 83251.0, 438.697917101771, 
34.004999999998944, 368090.0, 376761.0, 145105.0, 111409.0, 578.0352344258876, 
35.004999999999455, 259185.0, 419001.0, 176876.0, 146303.0, 743.718880435007, 
36.00499999999997, 166066.0, 440559.0, 206656.0, 188084.0, 930.4729162379539, 
37.000000000000476, 96437.0, 436941.0, 232443.0, 235544.0, 1128.151167635041, 
38.00000000000099, 50097.0, 412343.0, 250924.0, 288001.0, 1326.4762309666028, 
39.0000000000015, 23677.0, 372854.0, 261663.0, 343171.0, 1511.3403466533614, 
40.00000000000201, 10135.0, 327824.0, 263232.0, 400174.0, 1670.268299353172, 
41.00000000000252, 3941.0, 283346.0, 257573.0, 456505.0, 1794.0263969181526, 
42.000000000003034, 1468.0, 241897.0, 247072.0, 510928.0, 1879.4510036213708, 
43.000000000003546, 521.0, 205669.0, 231842.0, 563333.0, 1925.885753416618, 
44.00000000000406, 180.0, 174921.0, 214532.0, 611732.0, 1935.175339713863, 
45.00000000000457, 65.0, 148221.0, 197033.0, 656046.0, 1912.2964162118183, 
46.00000000000508, 20.0, 125510.0, 179128.0, 696707.0, 1863.368274177881, 
47.00000000000559, 5.0, 106350.0, 161135.0, 733875.0, 1792.880398933583, 
48.000000000006104, 3.0, 89958.0, 144345.0, 767059.0, 1706.1940028693298, 
49.000000000006615, 1.0, 76018.0, 128688.0, 796658.0, 1608.377828215612, 
50.00000000000713, 0.0, 64247.0, 114045.0, 823073.0, 1503.5090377547647, 
51.00000000000764, 0.0, 54315.0, 100581.0, 846469.0, 1395.0516057840293, 
52.00000000000815, 0.0, 45831.0, 88471.0, 867063.0, 1285.5569621778986, 
53.00000000000866, 0.0, 38820.0, 77591.0, 884954.0, 1177.6907937697622, 
54.00000000000917, 0.0, 32899.0, 67793.0, 900673.0, 1073.085417131738, 
55.000000000009685, 0.0, 27786.0, 59198.0, 914381.0, 972.9200836925764, 
56.000000000010196, 0.0, 23600.0, 51227.0, 926538.0, 878.1051761689451, 
57.00000000001071, 0.0, 20028.0, 44380.0, 936957.0, 789.1104026568856, 
58.00000000001122, 0.0, 17005.0, 38400.0, 945960.0, 706.4009666770457, 
59.00000000001173, 0.0, 14372.0, 33222.0, 953771.0, 630.3153019647414, 
60.00000000001224, 0.0, 12202.0, 28726.0, 960437.0, 560.6724587796696, 
61.000000000012754, 0.0, 10312.0, 24946.0, 966107.0, 497.4859749153806, 
62.000000000013266, 0.0, 8737.0, 21534.0, 971094.0, 440.4328744997932, 
63.00000000001378, 0.0, 7421.0, 18490.0, 975454.0, 388.96355474022516, 
64.00000000001428, 0.0, 6246.0, 16005.0, 979114.0, 342.8130542099684, 
65.00000000001337, 0.0, 5257.0, 13795.0, 982313.0, 301.6055747492623, 
66.00000000001246, 0.0, 4435.0, 11893.0, 985037.0, 264.8865454449892, 
67.00000000001155, 0.0, 3734.0, 10231.0, 987400.0, 232.21243631159993, 
68.00000000001064, 0.0, 3189.0, 8777.0, 989399.0, 203.224963375757, 
69.00000000000973, 0.0, 2700.0, 7575.0, 991090.0, 177.64838899124067, 
70.00000000000882, 0.0, 2301.0, 6389.0, 992675.0, 155.01574900610473, 
71.00000000000792, 0.0, 1989.0, 5480.0, 993896.0, 135.01046422942377, 
72.000000000007, 0.0, 1680.0, 4624.0, 995061.0, 117.37616815409672, 
73.0000000000061, 0.0, 1421.0, 3949.0, 995995.0, 101.87316207690178, 
74.00000000000519, 0.0, 1216.0, 3355.0, 996794.0, 88.26551798020718, 
75.00000000000428, 0.0, 1054.0, 2794.0, 997517.0, 76.30619771874815, 
76.00000000000337, 0.0, 905.0, 2438.0, 998022.0, 65.93634542426379, 
77.00000000000246, 0.0, 768.0, 2054.0, 998543.0, 56.92331051020812, 
78.00000000000155, 0.0, 632.0, 1776.0, 998957.0, 49.12027369583063, 
79.00000000000064, 0.0, 534.0, 1507.0, 999324.0, 42.36636976647898, 
80.00499999999973, 0.0, 460.0, 1296.0, 999609.0, 36.486298972466344, 
81.00499999999882, 0.0, 393.0, 1114.0, 999858.0, 31.426538246840007, 
82.0049999999979, 0.0, 336.0, 926.0, 1000103.0, 27.070948643834765, 
83.004999999997, 0.0, 284.0, 774.0, 1000307.0, 23.24704238661271, 
84.00499999999609, 0.0, 235.0, 660.0, 1000470.0, 19.94926509707724, 
85.00499999999518, 0.0, 192.0, 581.0, 1000592.0, 17.128758544193246, 
86.00499999999427, 0.0, 160.0, 488.0, 1000717.0, 14.71096403127373, 
87.00499999999336, 0.0, 128.0, 428.0, 1000809.0, 12.62715510538935, 
88.00499999999245, 0.0, 109.0, 357.0, 1000899.0, 10.84639411881488, 
89.00499999999154, 0.0, 88.0, 290.0, 1000987.0, 9.302724082513837, 
90.00499999999063, 0.0, 74.0, 247.0, 1001044.0, 7.942418899358102, 
91.00499999998972, 0.0, 65.0, 203.0, 1001097.0, 6.774814997563812, 
92.00499999998881, 0.0, 56.0, 165.0, 1001144.0, 5.773761694565112, 
93.0049999999879, 0.0, 45.0, 141.0, 1001179.0, 4.913368828349614, 
94.00499999998699, 0.0, 42.0, 112.0, 1001211.0, 4.169277429700799, 
95.00499999998608, 0.0, 38.0, 100.0, 1001227.0, 3.5406264237106875, 
96.00499999998517, 0.0, 32.0, 92.0, 1001241.0, 3.016370471456745, 
97.00499999998426, 0.0, 29.0, 75.0, 1001261.0, 2.5703175006615795, 
98.00499999998335, 0.0, 25.0, 61.0, 1001279.0, 2.185512689719076, 
99.00499999998245, 0.0, 24.0, 49.0, 1001292.0, 1.8529039723224265, 
100.00499999998154, 0.0, 15.0, 53.0, 1001297.0, 1.5804333886471806, 
101.00499999998063, 0.0, 13.0, 42.0, 1001310.0, 1.3547602692007072, 
102.00499999997972, 0.0, 9.0, 39.0, 1001317.0, 1.1587954962530103, 
103.0049999999788, 0.0, 8.0, 34.0, 1001323.0, 0.9945039772120384, 
104.0049999999779, 0.0, 7.0, 28.0, 1001330.0, 0.852729554112751, 
105.00499999997699, 0.0, 5.0, 24.0, 1001336.0, 0.7321951037610362, 
106.00499999997608, 0.0, 4.0, 21.0, 1001340.0, 0.6270946343558309, 
107.00499999997517, 0.0, 3.0, 14.0, 1001348.0, 0.5356452419914929, 
108.00499999997426, 0.0, 3.0, 12.0, 1001350.0, 0.4551113194208457, 
109.00499999997335, 0.0, 3.0, 8.0, 1001354.0, 0.3841923386813528, 
110.00499999997244, 0.0, 3.0, 7.0, 1001355.0, 0.3219197400713057, 
111.00499999997153, 0.0, 3.0, 6.0, 1001356.0, 0.27121864974281057, 
112.00499999997062, 0.0, 2.0, 4.0, 1001359.0, 0.22884413516246085, 
113.00499999996971, 0.0, 1.0, 4.0, 1001360.0, 0.19155125466407125, 
114.0049999999688, 0.0, 1.0, 2.0, 1001362.0, 0.1592395905818872, 
115.0049999999679, 0.0, 1.0, 1.0, 1001363.0, 0.13017984208765218, 
116.00499999996698, 0.0, 0.0, 1.0, 1001364.0, 0.10746660419111798, 
117.00499999996607, 0.0, 0.0, 1.0, 1001364.0, 0.0882458494582494, 
118.00499999996516, 0.0, 0.0, 0.0, 1001365.0, 0.07260022680567298, 
119.00499999996426, 0.0, 0.0, 0.0, 1001365.0, 0.05845071574481907, 
120.00499999996335, 0.0, 0.0, 0.0, 1001365.0, 0.04705889115507105, 
121.00499999996244, 0.0, 0.0, 0.0, 1001365.0, 0.03788729031844427, 
122.00499999996153, 0.0, 0.0, 0.0, 1001365.0, 0.03050319997859527, 
123.00499999996062, 0.0, 0.0, 0.0, 1001365.0, 0.02455824106484639, 
124.00499999995971, 0.0, 0.0, 0.0, 1001365.0, 0.019771932276689684, 
125.0049999999588, 0.0, 0.0, 0.0, 1001365.0, 0.015918457063832412, 
126.00499999995789, 0.0, 0.0, 0.0, 1001365.0, 0.012816009672045119, 
127.00499999995698, 0.0, 0.0, 0.0, 1001365.0, 0.010318217604590523, 
128.00499999995608, 0.0, 0.0, 0.0, 1001365.0, 0.008307235813648749, 
129.00499999995517, 0.0, 0.0, 0.0, 1001365.0, 0.006688186807851966, 
130.00499999995426, 0.0, 0.0, 0.0, 1001365.0, 0.005384684361942743, 
131.00499999995336, 0.0, 0.0, 0.0, 1001365.0, 0.004335229638578675, 
132.00499999995245, 0.0, 0.0, 0.0, 1001365.0, 0.003490309692438538, 
133.00499999995154, 0.0, 0.0, 0.0, 1001365.0, 0.0028100614649618455, 
134.00499999995063, 0.0, 0.0, 0.0, 1001365.0, 0.002262391057724905, 
135.00499999994972, 0.0, 0.0, 0.0, 1001365.0, 0.0018214595523600456, 
136.0049999999488, 0.0, 0.0, 0.0, 1001365.0, 0.001466463938475782, 
137.0049999999479, 0.0, 0.0, 0.0, 1001365.0, 0.0011806556341388424, 
138.004999999947, 0.0, 0.0, 0.0, 1001365.0, 0.0009505502930216207, 
139.00499999994608, 0.0, 0.0, 0.0, 1001365.0, 0.000765291617163649, 
140.00499999994517, 0.0, 0.0, 0.0, 1001365.0, 0.0006161391602323477, 
141.00499999994426, 0.0, 0.0, 0.0, 1001365.0, 0.0004960559560012054, 
142.00499999994335, 0.0, 0.0, 0.0, 1001365.0, 0.00039937651648610617, 
143.00499999994244, 0.0, 0.0, 0.0, 1001365.0, 0.0003215395359957929, 
144.00499999994153, 0.0, 0.0, 0.0, 1001365.0, 0.0002588726901572506, 
145.00499999994062, 0.0, 0.0, 0.0, 1001365.0, 0.00020841937680139174, 
146.0049999999397, 0.0, 0.0, 0.0, 1001365.0, 0.00016779922439827071, 
147.0049999999388, 0.0, 0.0, 0.0, 1001365.0, 0.00013509578687346507, 
148.0049999999379, 0.0, 0.0, 0.0, 1001365.0, 0.00010876612628221885, 
149.00499999993698, 0.0, 0.0, 0.0, 1001365.0, 8.756801748021932e-05, 
150.00499999993608, 0.0, 0.0, 0.0, 1001365.0, 7.050134033016126e-05, 
151.00499999993517, 0.0, 0.0, 0.0, 1001365.0, 5.6760894346751407e-05, 
152.00499999993426, 0.0, 0.0, 0.0, 1001365.0, 4.569840958987784e-05, 
153.00499999993335, 0.0, 0.0, 0.0, 1001365.0, 3.679196149177237e-05, 
154.00499999993244, 0.0, 0.0, 0.0, 1001365.0, 2.962134661929006e-05, 
155.00499999993153, 0.0, 0.0, 0.0, 1001365.0, 2.3848257607476033e-05, 
156.00499999993062, 0.0, 0.0, 0.0, 1001365.0, 1.9200321923992603e-05, 
157.0049999999297, 0.0, 0.0, 0.0, 1001365.0, 1.545825141830843e-05, 
158.0049999999288, 0.0, 0.0, 0.0, 1001365.0, 1.2445496375403725e-05, 
159.0049999999279, 0.0, 0.0, 0.0, 1001365.0, 1.0019915955483705e-05, 
160.00499999992698, 0.0, 0.0, 0.0, 1001365.0, 8.067072033653618e-06, 
161.00499999992607, 0.0, 0.0, 0.0, 1001365.0, 6.494830045010566e-06, 
162.00499999992516, 0.0, 0.0, 0.0, 1001365.0, 5.22901210471368e-06, 
163.00499999992425, 0.0, 0.0, 0.0, 1001365.0, 4.209897318598385e-06, 
164.00499999992334, 0.0, 0.0, 0.0, 1001365.0, 3.389404170085068e-06, 
165.00499999992243, 0.0, 0.0, 0.0, 1001365.0, 2.7288220492785843e-06, 
166.00499999992152, 0.0, 0.0, 0.0, 1001365.0, 2.1969848985115486e-06, 
167.0049999999206, 0.0, 0.0, 0.0, 1001365.0, 1.7688008075000122e-06, 
168.0049999999197, 0.0, 0.0, 0.0, 1001365.0, 1.4240681848711637e-06, 
169.0049999999188, 0.0, 0.0, 0.0, 1001365.0, 1.1465226534063726e-06, 
170.00499999991789, 0.0, 0.0, 0.0, 1001365.0, 9.230697018155175e-07, 
171.00499999991698, 0.0, 0.0, 0.0, 1001365.0, 7.431668897934855e-07, 
172.00499999991607, 0.0, 0.0, 0.0, 1001365.0, 5.983264589868461e-07, 
173.00499999991516, 0.0, 0.0, 0.0, 1001365.0, 4.81714883211789e-07, 
174.00499999991425, 0.0, 0.0, 0.0, 1001365.0, 3.8783046482798046e-07, 
175.00499999991334, 0.0, 0.0, 0.0, 1001365.0, 3.1224376636616705e-07, 
176.00499999991243, 0.0, 0.0, 0.0, 1001365.0, 2.5138863105499784e-07, 
177.00499999991152, 0.0, 0.0, 0.0, 1001365.0, 2.0239393266091916e-07, 
178.0049999999106, 0.0, 0.0, 0.0, 1001365.0, 1.629481166512695e-07, 
179.0049999999097, 0.0, 0.0, 0.0, 1001365.0, 1.31190141775049e-07, 
180.0049999999088, 0.0, 0.0, 0.0, 1001365.0, 1.0562167671928945e-07, 
181.00499999990788, 0.0, 0.0, 0.0, 1001365.0, 8.503640930675361e-08, 
182.00499999990697, 0.0, 0.0, 0.0, 1001365.0, 6.846313306504362e-08, 
183.00499999990606, 0.0, 0.0, 0.0, 1001365.0, 5.5119926009265405e-08, 
184.00499999990515, 0.0, 0.0, 0.0, 1001365.0, 4.437725980755854e-08, 
185.00499999990424, 0.0, 0.0, 0.0, 1001365.0, 3.572829883147e-08, 
186.00499999990333, 0.0, 0.0, 0.0, 1001365.0, 2.8764987809666432e-08, 
187.00499999990242, 0.0, 0.0, 0.0, 1001365.0, 2.315879990797244e-08, 
188.00499999990151, 0.0, 0.0, 0.0, 1001365.0, 1.8645236936178028e-08, 
189.0049999999006, 0.0, 0.0, 0.0, 1001365.0, 1.5011350406224673e-08, 
190.0049999998997, 0.0, 0.0, 0.0, 1001365.0, 1.2085694689201022e-08, 
191.00499999989879, 0.0, 0.0, 0.0, 1001365.0, 9.730238264241306e-09, 
192.00499999989788, 0.0, 0.0, 0.0, 1001365.0, 7.833851434581022e-09, 
193.00499999989697, 0.0, 0.0, 0.0, 1001365.0, 6.307063263252201e-09, 
194.00499999989606, 0.0, 0.0, 0.0, 1001365.0, 5.077840362285732e-09, 
195.00499999989515, 0.0, 0.0, 0.0, 1001365.0, 4.08818838001674e-09, 
196.00499999989424, 0.0, 0.0, 0.0, 1001365.0, 3.291415845727882e-09, 
197.00499999989333, 0.0, 0.0, 0.0, 1001365.0, 2.649931280677494e-09, 
198.00499999989242, 0.0, 0.0, 0.0, 1001365.0, 2.1334696439003573e-09, 
199.0049999998915, 0.0, 0.0, 0.0, 1001365.0, 1.717664437049329e-09, 
200.0049999998906, 0.0, 0.0, 0.0, 1001365.0, 1.382898100631138e-09, 
201.0049999998897, 0.0, 0.0, 0.0, 1001365.0, 1.1133764636906707e-09, 
202.00499999988878, 0.0, 0.0, 0.0, 1001365.0, 8.963835797696152e-10, 
203.00499999988787, 0.0, 0.0, 0.0, 1001365.0, 7.21681792533229e-10, 
204.00499999988696, 0.0, 0.0, 0.0, 1001365.0, 5.810287263493096e-10, 
205.00499999988605, 0.0, 0.0, 0.0, 1001365.0, 4.677884135861126e-10, 
206.00499999988514, 0.0, 0.0, 0.0, 1001365.0, 3.766182117368421e-10, 
207.00499999988423, 0.0, 0.0, 0.0, 1001365.0, 3.032167392186723e-10, 
208.00499999988332, 0.0, 0.0, 0.0, 1001365.0, 2.441209375361981e-10, 
209.00499999988241, 0.0, 0.0, 0.0, 1001365.0, 1.9654268526571675e-10, 
210.0049999998815, 0.0, 0.0, 0.0, 1001365.0, 1.5823725535926515e-10, 
211.0049999998806, 0.0, 0.0, 0.0, 1001365.0, 1.273974096252e-10, 
212.0049999998797, 0.0, 0.0, 0.0, 1001365.0, 1.0256813379606359e-10, 
213.00499999987878, 0.0, 0.0, 0.0, 1001365.0, 8.25779904109309e-11, 
214.00499999987787, 0.0, 0.0, 0.0, 1001365.0, 6.648385076271625e-11, 
215.00499999987696, 0.0, 0.0, 0.0, 1001365.0, 5.352639838101506e-11, 
216.00499999987605, 0.0, 0.0, 0.0, 1001365.0, 4.3094304718730946e-11, 
217.00499999987514, 0.0, 0.0, 0.0, 1001365.0, 3.469538686259761e-11, 
218.00499999987423, 0.0, 0.0, 0.0, 1001365.0, 2.79333864974063e-11, 
219.00499999987332, 0.0, 0.0, 0.0, 1001365.0, 2.248927456274118e-11, 
220.0049999998724, 0.0, 0.0, 0.0, 1001365.0, 1.8106199561779547e-11, 
221.0049999998715, 0.0, 0.0, 0.0, 1001365.0, 1.4577369388078056e-11, 
222.0049999998706, 0.0, 0.0, 0.0, 1001365.0, 1.1736294938725956e-11, 
223.00499999986968, 0.0, 0.0, 0.0, 1001365.0, 9.448935210588412e-12, 
224.00499999986877, 0.0, 0.0, 0.0, 1001365.0, 7.60737328773962e-12, 
225.00499999986786, 0.0, 0.0, 0.0, 1001365.0, 6.124724855152275e-12, 
226.00499999986695, 0.0, 0.0, 0.0, 1001365.0, 4.9310390239133535e-12, 
227.00499999986604, 0.0, 0.0, 0.0, 1001365.0, 3.969998070182994e-12, 
228.00499999986513, 0.0, 0.0, 0.0, 1001365.0, 3.1962603826137603e-12, 
229.00499999986422, 0.0, 0.0, 0.0, 1001365.0, 2.5733212593212573e-12, 
230.00499999986332, 0.0, 0.0, 0.0, 1001365.0, 2.0717906274768445e-12, 
231.0049999998624, 0.0, 0.0, 0.0, 1001365.0, 1.6680064288720187e-12, 
232.0049999998615, 0.0, 0.0, 0.0, 1001365.0, 1.3429182514194386e-12, 
233.0049999998606, 0.0, 0.0, 0.0, 1001365.0, 1.0811885366742867e-12, 
234.00499999985968, 0.0, 0.0, 0.0, 1001365.0, 8.704689586282041e-13, 
235.00499999985877, 0.0, 0.0, 0.0, 1001365.0, 7.008178335537936e-13, 
236.00499999985786, 0.0, 0.0, 0.0, 1001365.0, 5.64231074478569e-13, 
237.00499999985695, 0.0, 0.0, 0.0, 1001365.0, 4.542645608672343e-13, 
238.00499999985604, 0.0, 0.0, 0.0, 1001365.0, 3.657301070321305e-13, 
239.00499999985513, 0.0, 0.0, 0.0, 1001365.0, 2.9445068515663187e-13, 
240.00499999985422, 0.0, 0.0, 0.0, 1001365.0, 2.37063354430356e-13, 
