0, 1001364, 1, 0, 0, 0.0187755935
1, 1001350, 15, 0, 0, 0.0150204748
2, 1001342, 21, 1, 1, 0.0187755935
3, 1001326, 32, 5, 2, 0.0262858309
4, 1001305, 41, 13, 6, 0.0563267805
5, 1001275, 65, 15, 10, 0.0525716618
6, 1001247, 85, 16, 17, 0.0600818992
7, 1001214, 102, 25, 24, 0.0938779712
8, 1001154, 147, 29, 35, 0.1126535609
9, 1001090, 183, 47, 45, 0.1840008199
10, 1000974, 263, 71, 57, 0.2478378415
11, 1000804, 358, 126, 77, 0.3567362726
12, 1000546, 545, 162, 112, 0.5069410205
13, 1000207, 774, 234, 150, 0.7360032797
14, 999708, 1101, 335, 221, 1.0326576233
15, 999031, 1562, 463, 309, 1.5245782137
16, 998015, 2261, 657, 432, 2.2192752361
17, 996541, 3274, 947, 603, 3.1805856228
18, 994479, 4674, 1357, 855, 4.6375718117
19, 991542, 6664, 1929, 1230, 6.5226411819
20, 987458, 9479, 2710, 1718, 9.2939186096
21, 981550, 13409, 3951, 2455, 12.9927110672
22, 973424, 18917, 5573, 3451, 18.7943687439
23, 961969, 26577, 7939, 4880, 27.0894260406
24, 945707, 37662, 11064, 6932, 37.7652282715
25, 923041, 52750, 15825, 9749, 53.4616241455
26, 892318, 73033, 22155, 13859, 75.1436843872
27, 850842, 100107, 30780, 19636, 106.1947555542
28, 795407, 135921, 42522, 27515, 147.8840942383
29, 724510, 180392, 58048, 38415, 205.2247467041
30, 636615, 233603, 78075, 53072, 283.4927062988
31, 533081, 293301, 102306, 72677, 383.4689636230
32, 419502, 352333, 131190, 98340, 509.1678161621
33, 301297, 403536, 164638, 131894, 672.3878173828
34, 193577, 435326, 198138, 174324, 868.3862304688
35, 110016, 439240, 227902, 224207, 1082.7321777344
36, 55278, 416541, 249324, 280222, 1301.3626708984
37, 24620, 375448, 261071, 340226, 1502.4455566406
38, 9811, 327259, 262418, 401877, 1671.8352050781
39, 3607, 279626, 255860, 462272, 1799.9748535156
40, 1252, 236063, 244197, 519853, 1884.0069580078
41, 424, 198270, 228130, 574541, 1926.6800537109
42, 132, 166705, 209984, 624544, 1930.3713378906
43, 49, 139944, 191093, 670279, 1898.2050781250
44, 17, 117866, 172362, 711120, 1840.7104492188
45, 4, 99151, 154178, 748032, 1761.2296142578
46, 1, 83562, 137326, 780476, 1665.6430664062
47, 1, 70424, 121973, 808967, 1561.4685058594
48, 1, 59403, 107674, 834287, 1450.8502197266
49, 1, 50282, 94416, 856666, 1338.1966552734
50, 0, 42536, 82824, 876005, 1227.4844970703
51, 0, 35946, 72546, 892873, 1121.0006103516
52, 0, 30384, 63231, 907750, 1016.8598632812
53, 0, 25573, 55154, 920638, 920.1806030273
54, 0, 21592, 48059, 931714, 829.6296386719
55, 0, 18219, 41802, 941344, 745.4511718750
56, 0, 15375, 36183, 949807, 667.8178100586
57, 0, 13099, 31274, 956992, 596.6470947266
58, 0, 11062, 27042, 963261, 529.7271118164
59, 0, 9318, 23420, 968627, 470.2422485352
60, 0, 7928, 20024, 973413, 415.9808044434
61, 0, 6702, 17217, 977446, 366.8338012695
62, 0, 5657, 14834, 980874, 322.6998901367
63, 0, 4780, 12631, 983954, 283.7593078613
64, 0, 4013, 10898, 986454, 248.1157226562
65, 0, 3399, 9301, 988665, 216.5351715088
66, 0, 2893, 7855, 990617, 189.5433807373
67, 0, 2450, 6716, 992199, 165.5556793213
68, 0, 2120, 5686, 993559, 143.8661041260
69, 0, 1802, 4853, 994710, 124.7525558472
70, 0, 1536, 4107, 995722, 108.1399078369
71, 0, 1330, 3519, 996516, 93.7052307129
72, 0, 1116, 3025, 997224, 81.0767669678
73, 0, 933, 2629, 997803, 69.6499404907
74, 0, 773, 2320, 998272, 60.5212478638
75, 0, 659, 1939, 998767, 52.2787628174
76, 0, 557, 1647, 999161, 45.3806114197
77, 0, 466, 1422, 999477, 39.1996841431
78, 0, 393, 1236, 999736, 33.6233329773
79, 0, 329, 1036, 1000000, 29.4664173126
80, 0, 267, 868, 1000230, 25.5423183441
81, 0, 223, 747, 1000395, 21.7346267700
82, 0, 192, 621, 1000552, 18.6516742706
83, 0, 158, 536, 1000671, 16.1695423126
84, 0, 135, 457, 1000773, 13.8301019669
85, 0, 117, 361, 1000887, 11.8136034012
86, 0, 101, 302, 1000962, 10.1876373291
87, 0, 84, 256, 1001025, 8.6367731094
88, 0, 73, 215, 1001077, 7.2924404144
89, 0, 61, 174, 1001130, 6.2222318649
90, 0, 45, 164, 1001156, 5.4524326324
91, 0, 38, 145, 1001182, 4.7352046967
92, 0, 30, 130, 1001205, 4.0517730713
93, 0, 28, 108, 1001229, 3.5598526001
94, 0, 24, 91, 1001250, 3.0341360569
95, 0, 20, 83, 1001262, 2.6661343575
96, 0, 19, 64, 1001282, 2.2718467712
97, 0, 17, 53, 1001295, 1.9564168453
98, 0, 15, 45, 1001305, 1.7198443413
99, 0, 15, 37, 1001313, 1.4644963741
100, 0, 14, 30, 1001321, 1.2279238701
101, 0, 12, 26, 1001327, 1.0589435101
102, 0, 12, 25, 1001328, 0.9387797117
103, 0, 11, 20, 1001334, 0.7773095965
104, 0, 7, 17, 1001341, 0.6609008908
105, 0, 7, 15, 1001343, 0.5782883167
106, 0, 7, 11, 1001347, 0.5182064176
107, 0, 6, 11, 1001348, 0.4093079567
108, 0, 5, 10, 1001350, 0.3567362726
109, 0, 5, 7, 1001353, 0.3116748631
110, 0, 5, 6, 1001354, 0.2403275967
111, 0, 4, 5, 1001356, 0.2027764171
112, 0, 3, 5, 1001357, 0.1915110499
113, 0, 3, 3, 1001359, 0.1802456975
114, 0, 1, 3, 1001361, 0.1614701003
115, 0, 1, 3, 1001361, 0.1502047479
116, 0, 1, 2, 1001362, 0.1126535609
117, 0, 1, 2, 1001362, 0.1051433235
118, 0, 1, 2, 1001362, 0.0675921366
119, 0, 1, 2, 1001362, 0.0638370216
120, 0, 1, 2, 1001362, 0.0563267805
121, 0, 0, 3, 1001362, 0.0525716618
122, 0, 0, 3, 1001362, 0.0600818992
123, 0, 0, 3, 1001362, 0.0450614244
124, 0, 0, 3, 1001362, 0.0488165431
125, 0, 0, 3, 1001362, 0.0337960683
126, 0, 0, 3, 1001362, 0.0337960683
127, 0, 0, 2, 1001363, 0.0300409496
128, 0, 0, 2, 1001363, 0.0375511870
129, 0, 0, 2, 1001363, 0.0300409496
130, 0, 0, 1, 1001364, 0.0225307122
131, 0, 0, 1, 1001364, 0.0225307122
133, 0, 0, 0, 1001365, 0.0112653561
134, 0, 0, 0, 1001365, 0.0075102374
135, 0, 0, 0, 1001365, 0.0037551187
146, 0, 0, 0, 1001365, 0.0000000000
