0, 1001364, 1, 0, 0, 0.0187755935
1, 1001357, 7, 1, 0, 0.0187755935
2, 1001351, 13, 1, 0, 0.0187755935
3, 1001345, 12, 8, 0, 0.0225307122
4, 1001328, 27, 9, 1, 0.0337960683
5, 1001294, 54, 13, 4, 0.0450614244
6, 1001278, 66, 12, 9, 0.0375511870
7, 1001248, 87, 20, 10, 0.0600818992
8, 1001208, 108, 31, 18, 0.0863677338
9, 1001151, 145, 41, 28, 0.1314291507
10, 1001073, 199, 60, 33, 0.1689803451
11, 1000971, 261, 88, 45, 0.2290622443
12, 1000805, 372, 123, 65, 0.3755118847
13, 1000562, 556, 150, 97, 0.5933087468
14, 1000207, 789, 230, 139, 0.7397583723
15, 999735, 1092, 337, 201, 0.9951064587
16, 999057, 1561, 467, 280, 1.4832719564
17, 998091, 2216, 673, 385, 2.1892342567
18, 996615, 3268, 918, 564, 3.0867075920
19, 994666, 4612, 1261, 826, 4.4685912132
20, 991831, 6561, 1807, 1166, 6.2785587311
21, 987957, 9126, 2671, 1611, 8.9484481812
22, 982384, 12861, 3816, 2304, 12.6171989441
23, 974661, 18023, 5331, 3350, 17.8180389404
24, 963710, 25369, 7579, 4707, 25.1780719757
25, 948429, 35648, 10617, 6671, 35.9364852905
26, 926908, 50074, 14970, 9413, 50.9832458496
27, 897072, 70182, 20771, 13340, 71.8654632568
28, 857251, 96195, 29214, 18705, 101.1741638184
29, 803719, 130970, 40463, 26213, 141.6130371094
30, 735116, 174225, 55534, 36490, 196.6142578125
31, 648898, 227267, 74614, 50586, 270.0305786133
32, 547241, 285945, 98999, 69180, 367.8289184570
33, 431159, 346831, 128633, 94742, 495.6156005859
34, 312256, 399797, 161300, 128012, 657.3973999023
35, 203262, 433641, 194824, 169638, 849.8885498047
36, 117076, 440718, 224679, 218892, 1062.6159667969
37, 59779, 420123, 246877, 274586, 1277.2698974609
38, 27011, 380712, 259467, 334175, 1481.4318847656
39, 10915, 332534, 262585, 395331, 1655.2601318359
40, 4054, 284597, 256878, 455836, 1790.7185058594
41, 1366, 240310, 245500, 514189, 1880.1616210938
42, 444, 202419, 229403, 569099, 1925.9666748047
43, 162, 170139, 211858, 619206, 1934.0889892578
44, 53, 142582, 193637, 665093, 1905.4561767578
45, 18, 120062, 174473, 706812, 1850.3572998047
46, 8, 101019, 156586, 743752, 1771.4885253906
47, 3, 85100, 139410, 776852, 1678.8122558594
48, 1, 71681, 123761, 805922, 1576.7593994141
49, 0, 60493, 109247, 831625, 1468.5819091797
50, 0, 50988, 96315, 854062, 1357.3702392578
51, 0, 43026, 84408, 873931, 1247.0487060547
52, 0, 36456, 73651, 891258, 1138.5745849609
53, 0, 30759, 64407, 906199, 1033.4199218750
54, 0, 26035, 55891, 919439, 935.9520874023
55, 0, 22036, 48506, 930823, 843.1368408203
56, 0, 18723, 41954, 940688, 755.7289428711
57, 0, 15821, 36402, 949142, 675.4294433594
58, 0, 13356, 31417, 956592, 603.1734619141
59, 0, 11311, 27013, 963041, 535.6902465820
60, 0, 9577, 23331, 968457, 475.2628479004
61, 0, 8116, 20081, 973168, 420.3104553223
62, 0, 6875, 17193, 977297, 370.0932312012
63, 0, 5821, 14761, 980783, 325.0242919922
64, 0, 4909, 12629, 983827, 286.1475524902
65, 0, 4148, 10763, 986454, 249.9857635498
66, 0, 3524, 9271, 988570, 218.7657165527
67, 0, 2957, 7907, 990501, 191.0679473877
68, 0, 2483, 6763, 992119, 167.0351867676
69, 0, 2095, 5755, 993515, 145.7098693848
70, 0, 1756, 4996, 994613, 126.7277450562
71, 0, 1487, 4296, 995582, 109.6795120239
72, 0, 1275, 3651, 996439, 94.9631958008
73, 0, 1086, 3129, 997150, 82.1394653320
74, 0, 922, 2652, 997791, 71.6213836670
75, 0, 763, 2284, 998318, 61.5651702881
76, 0, 639, 1945, 998781, 53.3377075195
77, 0, 537, 1651, 999177, 46.1954727173
78, 0, 457, 1413, 999495, 40.0821380615
79, 0, 388, 1200, 999777, 34.5808868408
80, 0, 324, 1023, 1000018, 29.7480506897
81, 0, 273, 889, 1000203, 25.5310516357
82, 0, 236, 722, 1000407, 21.8059749603
83, 0, 192, 629, 1000544, 18.8920021057
84, 0, 162, 532, 1000671, 16.3084812164
85, 0, 143, 439, 1000783, 13.8901844025
86, 0, 121, 363, 1000881, 12.0201349258
87, 0, 98, 318, 1000949, 10.2740049362
88, 0, 80, 282, 1001003, 8.7719573975
89, 0, 71, 222, 1001072, 7.5290131569
90, 0, 56, 197, 1001112, 6.4813351631
91, 0, 46, 170, 1001149, 5.4787182808
92, 0, 40, 142, 1001183, 4.7051639557
93, 0, 33, 115, 1001217, 3.9616503716
94, 0, 26, 96, 1001243, 3.3683414459
95, 0, 22, 82, 1001261, 2.8876862526
96, 0, 19, 71, 1001275, 2.4633579254
97, 0, 14, 55, 1001296, 2.0502948761
98, 0, 12, 51, 1001302, 1.7386200428
99, 0, 9, 45, 1001311, 1.5095577240
100, 0, 7, 42, 1001316, 1.3142915964
101, 0, 7, 33, 1001325, 1.1490663290
102, 0, 5, 29, 1001331, 0.9650655389
103, 0, 4, 25, 1001336, 0.8486568332
104, 0, 3, 23, 1001339, 0.7172276974
105, 0, 2, 18, 1001345, 0.6045741439
106, 0, 2, 15, 1001348, 0.5219615102
107, 0, 2, 11, 1001352, 0.4431040287
108, 0, 1, 8, 1001356, 0.3454709351
109, 0, 1, 5, 1001359, 0.2666134238
110, 0, 0, 6, 1001359, 0.2065315396
111, 0, 0, 5, 1001360, 0.1764905751
112, 0, 0, 5, 1001360, 0.1464496255
113, 0, 0, 4, 1001361, 0.1426945180
114, 0, 0, 4, 1001361, 0.1276740432
115, 0, 0, 4, 1001361, 0.1126535609
116, 0, 0, 4, 1001361, 0.1051433235
117, 0, 0, 3, 1001362, 0.1013882086
118, 0, 0, 2, 1001363, 0.0901228487
119, 0, 0, 2, 1001363, 0.0675921366
120, 0, 0, 1, 1001364, 0.0488165431
121, 0, 0, 0, 1001365, 0.0375511870
122, 0, 0, 0, 1001365, 0.0225307122
123, 0, 0, 0, 1001365, 0.0075102374
125, 0, 0, 0, 1001365, 0.0037551187
135, 0, 0, 0, 1001365, 0.0000000000
