0, 1001364, 1, 0, 0, 0.0187755935
1, 1001354, 10, 1, 0, 0.0112653561
2, 1001351, 10, 4, 0, 0.0150204748
3, 1001343, 15, 5, 2, 0.0150204748
4, 1001329, 24, 10, 2, 0.0150204748
5, 1001308, 40, 14, 3, 0.0375511870
6, 1001296, 44, 17, 8, 0.0413063057
7, 1001268, 66, 22, 9, 0.0751023740
8, 1001220, 99, 31, 15, 0.1088984460
9, 1001156, 142, 44, 23, 0.1051433235
10, 1001074, 186, 67, 38, 0.2140417695
11, 1000930, 287, 87, 61, 0.3116748631
12, 1000747, 418, 121, 79, 0.4280835390
13, 1000491, 587, 178, 109, 0.6533906460
14, 1000123, 856, 235, 151, 0.8561670780
15, 999562, 1226, 362, 215, 1.2129033804
16, 998821, 1735, 483, 326, 1.6597625017
17, 997755, 2474, 666, 470, 2.3431940079
18, 996285, 3509, 945, 626, 3.1580548286
19, 994239, 4886, 1380, 860, 4.7014088631
20, 991239, 6902, 1958, 1266, 6.6615805626
21, 987001, 9716, 2852, 1796, 9.5342464447
22, 981082, 13727, 4066, 2490, 13.4132843018
23, 972578, 19547, 5676, 3564, 19.4702911377
24, 960571, 27802, 7967, 5025, 27.3485298157
25, 943842, 39064, 11315, 7144, 38.5725784302
26, 920479, 54764, 16066, 10056, 54.5355911255
27, 888911, 75510, 22720, 14224, 78.2716979980
28, 845892, 103784, 31621, 20068, 109.5893859863
29, 789494, 139936, 43698, 28237, 152.3564300537
30, 716512, 185646, 59923, 39284, 211.6234741211
31, 626912, 239924, 80122, 54407, 290.5673217773
32, 522439, 298940, 105294, 74692, 395.3576660156
33, 403638, 360090, 135760, 101877, 531.1089477539
34, 284364, 410561, 169589, 136851, 701.6364135742
35, 179715, 438689, 202728, 180233, 898.5435791016
36, 100925, 438406, 230803, 231231, 1114.0949707031
37, 49936, 413069, 250556, 287804, 1330.0217285156
38, 21969, 370680, 261126, 347590, 1527.9014892578
39, 8760, 322001, 261890, 408714, 1694.6025390625
40, 3199, 274269, 254876, 469021, 1819.0471191406
41, 1103, 231378, 242357, 526527, 1897.5816650391
42, 410, 194579, 225502, 580874, 1930.0334472656
43, 139, 163713, 207259, 630254, 1927.4836425781
44, 43, 137681, 188321, 675320, 1889.8085937500
45, 15, 115694, 169913, 715743, 1827.4322509766
46, 5, 97295, 152238, 751827, 1746.8099365234
47, 2, 81875, 135630, 783858, 1653.8969726562
48, 1, 69096, 120006, 812262, 1548.9489746094
49, 0, 58157, 105848, 837360, 1441.1695556641
50, 0, 49237, 92746, 859382, 1329.3872070312
51, 0, 41486, 81500, 878379, 1218.8326416016
52, 0, 34990, 71354, 895021, 1110.3172607422
53, 0, 29537, 62264, 909564, 1008.3094482422
54, 0, 25031, 54152, 922182, 912.4713134766
55, 0, 21143, 47112, 933110, 822.1494750977
56, 0, 17897, 40778, 942690, 735.2597656250
57, 0, 15164, 35290, 950911, 657.0856933594
58, 0, 12874, 30424, 958067, 584.4129028320
59, 0, 10876, 26252, 964237, 519.6896362305
60, 0, 9222, 22625, 969518, 460.3512878418
61, 0, 7858, 19494, 974013, 407.3703002930
62, 0, 6636, 16808, 977921, 359.4437255859
63, 0, 5692, 14419, 981254, 316.3236999512
64, 0, 4757, 12464, 984144, 277.6009216309
65, 0, 4036, 10775, 986554, 243.6245880127
66, 0, 3443, 9206, 988716, 212.8138427734
67, 0, 2938, 7788, 990639, 185.4503021240
68, 0, 2518, 6626, 992221, 162.2399139404
69, 0, 2150, 5680, 993535, 140.7718963623
70, 0, 1831, 4877, 994657, 122.3154830933
71, 0, 1551, 4180, 995634, 106.2736129761
72, 0, 1300, 3599, 996466, 91.6399154663
73, 0, 1085, 3113, 997167, 79.6272964478
74, 0, 921, 2647, 997797, 69.3232498169
75, 0, 788, 2220, 998357, 59.9880218506
76, 0, 664, 1905, 998796, 51.4488830566
77, 0, 573, 1651, 999141, 44.4868927002
78, 0, 466, 1449, 999450, 38.2834358215
79, 0, 388, 1221, 999756, 33.1576995850
80, 0, 332, 1033, 1000000, 28.4900856018
81, 0, 281, 869, 1000215, 24.5359458923
82, 0, 236, 751, 1000378, 21.0812358856
83, 0, 200, 657, 1000508, 18.3024482727
84, 0, 170, 547, 1000648, 15.8653764725
85, 0, 146, 467, 1000752, 13.7587547302
86, 0, 121, 385, 1000859, 11.7685422897
87, 0, 106, 328, 1000931, 9.9773502350
88, 0, 88, 279, 1000998, 8.5691814423
89, 0, 78, 231, 1001056, 7.3750534058
90, 0, 66, 195, 1001104, 6.2184767723
91, 0, 62, 155, 1001148, 5.4899835587
92, 0, 51, 135, 1001179, 4.6488370895
93, 0, 41, 122, 1001202, 3.9391195774
94, 0, 32, 115, 1001218, 3.3120148182
95, 0, 30, 94, 1001241, 2.8989517689
96, 0, 28, 81, 1001256, 2.5347051620
97, 0, 26, 64, 1001275, 2.2042546272
98, 0, 19, 63, 1001283, 1.8738042116
99, 0, 17, 53, 1001295, 1.5846601725
100, 0, 13, 46, 1001306, 1.3743734360
101, 0, 11, 43, 1001311, 1.1941277981
102, 0, 8, 40, 1001317, 1.0251474380
103, 0, 6, 35, 1001324, 0.9012284875
104, 0, 5, 30, 1001330, 0.8073505163
105, 0, 5, 23, 1001337, 0.7022072077
106, 0, 3, 22, 1001340, 0.6120843887
107, 0, 3, 17, 1001345, 0.5369819999
108, 0, 3, 15, 1001347, 0.4543693662
109, 0, 3, 14, 1001348, 0.3905323446
110, 0, 3, 12, 1001350, 0.3454709351
111, 0, 3, 10, 1001352, 0.3116748631
112, 0, 3, 6, 1001356, 0.3004094958
113, 0, 3, 6, 1001356, 0.2478378415
114, 0, 3, 3, 1001359, 0.2102866471
115, 0, 3, 2, 1001360, 0.1689803451
116, 0, 3, 2, 1001360, 0.1276740432
117, 0, 3, 2, 1001360, 0.0901228487
118, 0, 3, 2, 1001360, 0.0788574964
119, 0, 3, 2, 1001360, 0.0751023740
120, 0, 3, 2, 1001360, 0.0525716618
121, 0, 1, 4, 1001360, 0.0450614244
122, 0, 1, 1, 1001363, 0.0525716618
123, 0, 1, 1, 1001363, 0.0375511870
124, 0, 1, 1, 1001363, 0.0262858309
125, 0, 1, 0, 1001364, 0.0225307122
126, 0, 1, 0, 1001364, 0.0112653561
130, 0, 0, 1, 1001364, 0.0075102374
131, 0, 0, 1, 1001364, 0.0037551187
131, 0, 0, 1, 1001364, 0.0075102374
132, 0, 0, 1, 1001364, 0.0112653561
132, 0, 0, 1, 1001364, 0.0075102374
132, 0, 0, 1, 1001364, 0.0112653561
133, 0, 0, 1, 1001364, 0.0037551187
137, 0, 0, 1, 1001364, 0.0075102374
137, 0, 0, 1, 1001364, 0.0112653561
137, 0, 0, 1, 1001364, 0.0075102374
139, 0, 0, 1, 1001364, 0.0037551187
140, 0, 0, 0, 1001365, 0.0037551187
147, 0, 0, 0, 1001365, 0.0000000000
