1.0, 0.0, 0.0, 0.0, 1.875e-08, 
0.9999910048292828, 8.995170717220943e-06, 1.059467503415156e-20, 1.1940825051190818e-80, 1.509569554305742e-08, 
0.9999837628423217, 1.6237157452940003e-05, 2.25481349864128e-13, 1.539140852373153e-48, 1.2153601311773503e-08, 
0.9999779323143916, 2.2066994082160255e-05, 6.915259772638282e-10, 1.393813517567239e-32, 9.785108566237594e-09, 
0.9999732346607105, 2.670448553722432e-05, 6.08537517223112e-08, 4.392438819427724e-23, 7.906447223631189e-09, 
0.9999693445212638, 2.982545447263136e-05, 8.300242627520306e-07, 5.376162021912315e-17, 6.947936958604388e-09, 
0.9999652513135964, 3.091677285578406e-05, 3.831912959333737e-06, 5.872300784189063e-13, 9.28731486102508e-09, 
0.9999581816585638, 3.250908397367496e-05, 9.30895315846703e-06, 3.043025688263074e-10, 1.869268689125639e-08, 
0.9999437960114923, 4.057362596017386e-05, 1.5610188060688283e-05, 2.0174484703353397e-08, 3.6716497415799433e-08, 
0.9999178534094034, 6.073845464102059e-05, 2.1084825260490014e-05, 3.2331069243605476e-07, 6.155749442990865e-08, 
0.9998776964039335, 9.599065136240834e-05, 2.4377211598324038e-05, 1.9357331031427795e-06, 8.924080868863246e-08, 
0.9998231562957273, 0.00014600028787553447, 2.4910982036708023e-05, 5.9324343576146835e-06, 1.1468234490643019e-07, 
0.9997564156093776, 0.00020711398503100382, 2.4708560161406373e-05, 1.1761845428105762e-05, 1.3492982816088365e-07, 
0.9996796912470918, 0.00027441383767085487, 2.802425366373925e-05, 1.7870661571561714e-05, 1.5333152742828396e-07, 
0.9995914632118359, 0.0003458535671900213, 3.9381409013363734e-05, 2.3301811958481393e-05, 1.8041366303824593e-07, 
0.9994831551046521, 0.0004266044483949944, 6.219740975091346e-05, 2.8043037199601624e-05, 2.3162076675618176e-07, 
0.9993374739081111, 0.0005318410192548151, 9.77279313060272e-05, 3.295714132529752e-05, 3.235086951083802e-07, 
0.9991290627044117, 0.000686659562514156, 0.00014428522391518863, 3.999250915654715e-05, 4.6900247242948657e-07, 
0.9988276368393577, 0.0009223375776344934, 0.00019782410351905206, 5.2201479487310056e-05, 6.732688311741504e-07, 
0.9984025012125374, 0.0012697938579861912, 0.00025459825191182455, 7.310667756279137e-05, 9.332450874837982e-07, 
0.9978257780549148, 0.0017534954135494498, 0.00031509985535206885, 0.00010562667618172126, 1.2431911115679058e-06, 
0.9970711100204097, 0.002390177572944247, 0.0003875564123754565, 0.00015115599426845572, 1.6058228686726268e-06, 
0.9961056807904318, 0.0031956005811654715, 0.0004892778533938253, 0.00020944077500713898, 2.0456103481622913e-06, 
0.994875803855964, 0.004199699077089749, 0.0006447582337302054, 0.0002797388332140897, 2.6190039009146207e-06, 
0.9932892191279585, 0.005466823754387245, 0.0008807699727478778, 0.0003631871449046316, 3.4165578421713114e-06, 
0.9911992984821743, 0.0071146417317210255, 0.0012204878067400401, 0.0004655719793633083, 4.554907630698807e-06, 
0.9883961988424964, 0.009324459377839845, 0.0016799502086996614, 0.0005993915709641702, 6.161745218874025e-06, 
0.9846069645905952, 0.01233858216774723, 0.0022701319384443, 0.0007843213032129662, 8.362211974466274e-06, 
0.979501310906831, 0.0164465807010274, 0.0030063440244205443, 0.0010457643677210698, 1.1277962824271265e-05, 
0.9726942874660114, 0.021969821041576396, 0.003923830533688643, 0.001412060958723278, 1.5048531240125426e-05, 
0.9637341407508615, 0.02925867086218648, 0.005095215790204826, 0.0019119725967459463, 1.98778886881433e-05, 
0.9520662745808504, 0.038715512586151975, 0.006643482533097564, 0.0025747302998995513, 2.6098974409736766e-05, 
0.9369733875712616, 0.0508469641972199, 0.008744981895711185, 0.0034346663358072365, 3.423973754217348e-05, 
0.9175059116328015, 0.06633192565746708, 0.011621084647405406, 0.004541078062325798, 4.507117592144575e-05, 
0.8924313075510886, 0.08607341598932375, 0.015523360564335384, 0.005971915895252681, 5.9624687708645934e-05, 
0.8602398496303528, 0.11118914305118653, 0.02072297175902019, 0.007848035559441214, 7.918241460572726e-05, 
0.8192434990337271, 0.14289545196551773, 0.02751688692298934, 0.010344162077766634, 0.00010526446334041221, 
0.7677919982097443, 0.18225503465090775, 0.03625884990648855, 0.013694117232859716, 0.0001396508745304236, 
0.7046101538379252, 0.22978729431165323, 0.0474113539173836, 0.018191197933038684, 0.00018447301148084426, 
0.6292393025105709, 0.28497291921421614, 0.06159903385286138, 0.024188744422352353, 0.00024238198331681386, 
0.5425452375701052, 0.3457162266180919, 0.07962962920172717, 0.03210890661007684, 0.00031675306453859405, 
0.44721651269006146, 0.4078735842148691, 0.10244272110083354, 0.04246718199423717, 0.0004118277932971927, 
0.3480860988491407, 0.4650452338031704, 0.13095362072609687, 0.0559150466215934, 0.0005326503126478179, 
0.2519629404446586, 0.5089635353560689, 0.16578021498972131, 0.07329330920955271, 0.0006846427375513994, 
0.16658453890435118, 0.5308690716518286, 0.2068691745109732, 0.09567721493284688, 0.0008726983240032273, 
0.09858129812668016, 0.5239654166513505, 0.25306841166675764, 0.1243848735552118, 0.0010997501970283377, 
0.05113734148447691, 0.486219347196131, 0.30172591438275276, 0.16091739693663948, 0.0013648909574937487, 
0.02281533083314468, 0.4219362218476737, 0.3484439487743819, 0.20680449854479985, 0.0016612819166156537, 
0.00863901888010679, 0.3408270396643492, 0.3871914249378385, 0.2633425165177062, 0.0019743294199638314, 
0.0027671294548867334, 0.2549669006114054, 0.41103564521563324, 0.33123032471807534, 0.002280923446796493, 
0.0007581744517753723, 0.17544058961339426, 0.4136683978443536, 0.41013283809047746, 0.0025507857243994387, 
0.00018283156853331773, 0.11005242172155387, 0.3915238720606977, 0.498240874649216, 0.002750782746702843, 
4.061286328758617e-05, 0.0623040516579335, 0.3456919693001681, 0.5919633661786112, 0.002852022188691864, 
8.808222705772116e-06, 0.03152975533352155, 0.2824884298370038, 0.6859730066067687, 0.0028378269879121634, 
1.9856517662641413e-06, 0.014157382024321137, 0.2119878454690937, 0.7738527868548203, 0.0027093547238750903, 
4.925277123485786e-07, 0.005617591521302931, 0.1449596445678058, 0.8494222713831803, 0.0024860215603410593, 
1.402764757819745e-07, 0.001970231089570697, 0.08962574882707176, 0.9084038798068829, 0.002200165438331491, 
4.697414832432703e-08, 0.0006138886503374226, 0.049729941378707565, 0.9496561229968083, 0.0018881527568780352, 
1.8589105949319517e-08, 0.00017172683102801314, 0.024602014294164358, 0.9752262402857035, 0.0015816458082909073, 
8.612481238048843e-09, 4.386069713270284e-05, 0.010801047971392799, 0.9891550827189949, 0.001302216101116357, 
4.5888666150506235e-09, 1.0483465682334534e-05, 0.004200255902735845, 0.9957892560427163, 0.0010604138150646623, 
2.753306321245465e-09, 2.4278810080551844e-06, 0.0014491151747642323, 0.9985484541909219, 0.0008581708171328259, 
1.8224629679267218e-09, 5.712431655748846e-07, 0.0004461334101867007, 0.9995532935241848, 0.0006923712429543782, 
1.3068313478395198e-09, 1.4490399740346874e-07, 0.00012387940352454483, 0.9998759743856461, 0.0005578593057197825, 
9.997562714011815e-10, 4.2127753963934104e-08, 3.1543627509086596e-05, 0.9999684132449792, 0.000449249328661119, 
8.058197784625594e-10, 1.4628606350248099e-08, 7.545949029561062e-06, 0.999992438616542, 0.00036172074296357, 
6.773909671447901e-10, 6.09529215389291e-09, 1.7552651187569436e-06, 0.999998237962196, 0.0002912294321058483, 
5.890336466840363e-10, 2.9713135251936604e-09, 4.162464849211962e-07, 0.9999995801931658, 0.00023447147535028681, 
5.263492614200412e-10, 1.6361121238314032e-09, 1.0681482863770518e-07, 0.9999998910227085, 0.00018877424776521913, 
4.807661315801322e-10, 9.863242516015783e-10, 3.1522920893856735e-08, 0.999999967009987, 0.0001519829601120768, 
4.4695350791149656e-10, 6.357426931432273e-10, 1.112854185318752e-08, 0.9999999877887613, 0.0001223620857199108, 
4.2146779871419506e-10, 4.3071447092842526e-10, 4.7077244395218986e-09, 0.9999999944400922, 9.851418809569708e-05, 
4.0200966100456063e-10, 3.029952605774881e-10, 2.3221809004726587e-09, 0.9999999969728132, 7.931414916750461e-05, 
3.8699893920462954e-10, 2.193666228881187e-10, 1.2892129315937272e-09, 0.9999999981044205, 6.385612287173206e-05, 
3.7532224112309026e-10, 1.6238791747652327e-10, 7.81322155774614e-10, 0.9999999986809668, 5.141080649386295e-05, 
3.6617793754586865e-10, 1.2230826672671403e-10, 5.05247017557375e-10, 0.9999999990062661, 4.1391034810353165e-05, 
3.58978058665819e-10, 9.3380718625855e-11, 3.429619410433606e-10, 0.9999999992046782, 3.332407856649652e-05, 
3.532844644839136e-10, 7.206288676238061e-11, 2.415266566468923e-10, 0.9999999993331253, 2.6829341523666623e-05, 
3.4876625228260327e-10, 5.608557593104825e-11, 1.7496569308575896e-10, 0.9999999994201823, 2.1600404154085053e-05, 
3.451706688568159e-10, 4.3945898667209696e-11, 1.2955646699199395e-10, 0.9999999994813271, 1.739056691049853e-05, 
3.423028193482263e-10, 3.4619186606299195e-11, 9.759098646756703e-11, 0.9999999995254878, 1.4001211041521017e-05, 
3.400112357955287e-10, 2.7388923911357705e-11, 7.451078490436055e-11, 0.9999999995580897, 1.1272427832935659e-05, 
3.3817743179117053e-10, 2.174292263311408e-11, 5.7499193965811483e-11, 0.9999999995825809, 9.075474171132157e-06, 
3.367082224875225e-10, 1.7308000860911692e-11, 4.4748860054202724e-11, 0.999999999601235, 7.306698487089425e-06, 
3.355299985223499e-10, 1.3807748225907517e-11, 3.506143708334471e-11, 0.9999999996156012, 5.882650510088187e-06, 
3.345844041562413e-10, 1.1034528983887e-11, 2.7619324934327997e-11, 0.9999999996267621, 4.736144111504708e-06, 
3.3382504040070377e-10, 8.830492570087506e-12, 2.185057975911133e-11, 0.9999999996354946, 3.813087485233495e-06, 
3.3321492696764016e-10, 7.074418770481642e-12, 1.7346284887423104e-11, 0.9999999996423649, 3.0699311138376666e-06, 
3.3272453314021814e-10, 5.672426233285855e-12, 1.3808491130449717e-11, 0.999999999647795, 2.4716131163821443e-06, 
3.3233023998704683e-10, 4.551292318590752e-12, 1.1016523478403677e-11, 0.9999999996521023, 1.98990504017179e-06, 
3.3201313282222616e-10, 3.653572578723252e-12, 8.80463112528421e-12, 0.999999999655529, 1.6020800514088984e-06, 
3.317580486509455e-10, 2.933983277293139e-12, 7.046821954141872e-12, 0.9999999996582617, 1.2898406904492166e-06, 
3.3155282191549507e-10, 2.3566855790854075e-12, 5.6463545048526165e-12, 0.9999999996604446, 1.0384556035027252e-06, 
3.3138768540148034e-10, 1.8932236794551148e-12, 4.528315508281759e-12, 0.9999999996621911, 8.360645220628621e-07, 
3.312547931721451e-10, 1.520944122252853e-12, 3.634283712444687e-12, 0.9999999996635903, 6.731186992193032e-07, 
3.311478398837996e-10, 1.2217738634639584e-12, 2.9184317181472556e-12, 0.9999999996647122, 5.419304028202776e-07, 
3.310617564950542e-10, 9.812689463107205e-13, 2.3446370788531066e-12, 0.9999999996656125, 4.363102107168425e-07, 
3.309924667040342e-10, 7.878694259227686e-13, 1.884313852162634e-12, 0.9999999996663352, 3.512749957951304e-07, 
3.3093669177576144e-10, 6.323129104643074e-13, 1.5147665892169825e-12, 0.9999999996669163, 2.8281282362392494e-07, 
3.3089179400390364e-10, 5.071710351834037e-13, 1.2179286816603174e-12, 0.9999999996673828, 2.2769367066371e-07, 
3.308556510671051e-10, 4.0648184446710107e-13, 9.793872064461253e-13, 0.999999999667758, 1.833170327827378e-07, 
3.308265551226835e-10, 3.2545741609512024e-13, 7.876238400985217e-13, 0.9999999996680599, 1.4758923429849043e-07, 
3.3080313172844427e-10, 2.602507909541439e-13, 6.334204206329204e-13, 0.9999999996683028, 1.1882464902420543e-07, 
3.3078427467118277e-10, 2.0776982874801345e-13, 5.093911089548576e-13, 0.999999999668498, 9.566617296089041e-08, 
3.307690935647991e-10, 1.6552831370472933e-13, 4.0961265287721955e-13, 0.9999999996686558, 7.702119656174252e-08, 
3.3075687170535926e-10, 1.315267076507248e-13, 3.2933117630317276e-13, 0.9999999996687814, 6.201005576077437e-08, 
3.3074703216857146e-10, 1.0415655064334164e-13, 2.6472899673784407e-13, 0.999999999668883, 4.992452970156835e-08, 
3.3073911053321784e-10, 8.212375693941252e-14, 2.1273875168681024e-13, 0.9999999996689659, 4.019442710219471e-08, 
3.3073273293266745e-10, 6.438703085825267e-14, 1.7089495524577166e-13, 0.9999999996690325, 3.236068481160864e-08, 
3.3072759839182825e-10, 5.010839564180179e-14, 1.372152646259072e-13, 0.9999999996690833, 2.605370935596643e-08, 
3.3072346461159383e-10, 3.861343562475586e-14, 1.1010539139609583e-13, 0.9999999996691277, 2.097593963589556e-08, 
3.3072013652710637e-10, 2.9359333426133195e-14, 8.82828714178352e-14, 0.9999999996691641, 1.6887808088316473e-08, 
3.3071745709808645e-10, 2.190916661723078e-14, 7.071590297550728e-14, 0.9999999996691863, 1.3596437964889141e-08, 
3.3071529989546285e-10, 1.59112333414615e-14, 5.6574241930022906e-14, 0.9999999996692085, 1.0946543468272136e-08, 
3.3071356313372756e-10, 1.1082419909748016e-14, 4.5189755835299785e-14, 0.9999999996692307, 8.813103417512392e-09, 
3.307121648669377e-10, 7.194818165374985e-15, 3.6024723314440136e-14, 0.9999999996692529, 7.095462788425928e-09, 
3.3071103912137125e-10, 4.064956373084233e-15, 2.864634896079673e-14, 0.9999999996692686, 5.712583841517646e-09, 
3.307101327821582e-10, 1.545132401685067e-15, 2.270626928790506e-14, 0.9999999996692686, 4.59922278716356e-09, 
3.3070940308684687e-10, 3.269055759201659e-18, 1.7437237715598492e-14, 0.9999999996692686, 3.7028516042145836e-09, 
3.307088156075717e-10, 2.6319244325101256e-18, 1.1954530805080957e-14, 0.9999999996692686, 2.9811797827978512e-09, 
3.3070834262655196e-10, 2.1189692434734033e-18, 7.540469093339061e-15, 0.9999999996692686, 2.400159075762407e-09, 
3.3070796182824265e-10, 1.7059881522052321e-18, 3.986850809701511e-15, 0.9999999996692686, 1.93237711173734e-09, 
3.307076552464091e-10, 1.3734962088902515e-18, 1.2267772731196702e-15, 0.9999999996692686, 1.5557640871140833e-09, 
3.3070740841642763e-10, 1.1058061397296391e-18, 1.1070053992804105e-18, 0.9999999996692686, 1.2525515205503852e-09, 
3.307072096928149e-10, 8.902881479095176e-19, 8.912536751235472e-19, 0.9999999996692686, 1.0084339416668982e-09, 
3.307070496997737e-10, 7.167739902662943e-19, 7.17551339105539e-19, 0.9999999996692686, 8.11893960464781e-10, 
3.3070692088882994e-10, 5.77077211264187e-19, 5.777030572509513e-19, 0.9999999996692686, 6.536588821570247e-10, 
3.3070681718269127e-10, 4.646068880713127e-19, 4.651107587133445e-19, 0.9999999996692686, 5.262632252839694e-10, 
3.307067336885126e-10, 3.740566590344296e-19, 3.7446232697886815e-19, 0.9999999996692686, 4.2369650263507836e-10, 
3.307066664670505e-10, 3.011543622202829e-19, 3.0148096687560254e-19, 0.9999999996692686, 3.41119648343905e-10, 
3.3070661234680816e-10, 2.4246047033416756e-19, 2.4272342088474553e-19, 0.9999999996692686, 2.746367122753673e-10, 
3.3070656877440367e-10, 1.952058111271939e-19, 1.9541751354888578e-19, 0.9999999996692686, 2.2111105031798617e-10, 
3.3070653369410144e-10, 1.5716091627167752e-19, 1.5733135865165032e-19, 0.9999999996692686, 1.7801733849662024e-10, 
3.3070650545082055e-10, 1.2653083415867689e-19, 1.266680579365713e-19, 0.9999999996692686, 1.433224289778632e-10, 
3.3070648271205104e-10, 1.0187044361580428e-19, 1.0198092298044637e-19, 0.9999999996692686, 1.1538942679173152e-10, 
3.307064644049833e-10, 8.20162728768901e-20, 8.210522021915582e-20, 0.9999999996692686, 9.290046163940513e-11, 
3.3070644966589466e-10, 6.603160691670308e-20, 6.610321875021397e-20, 0.9999999996692686, 7.47945111850839e-11, 
3.3070643779939977e-10, 5.316229324955242e-20, 5.321994820199277e-20, 0.9999999996692686, 6.021734235433304e-11, 
3.307064282456403e-10, 4.280116106977023e-20, 4.2847579286208734e-20, 0.9999999996692686, 4.848120888504587e-11, 
3.307064205538726e-10, 3.445937500563852e-20, 3.4496746484591056e-20, 0.9999999996692686, 3.903240367409407e-11, 
3.307064143612016e-10, 2.7743371943394733e-20, 2.7773459860573396e-20, 0.9999999996692686, 3.14251350495381e-11, 
3.307064093754593e-10, 2.233629279334527e-20, 2.2360516687933925e-20, 0.9999999996692686, 2.530049445909837e-11, 
3.3070640536141935e-10, 1.798303314519591e-20, 1.8002535893392534e-20, 0.9999999996692686, 2.036952327701376e-11, 
3.3070640212970065e-10, 1.4478207501085658e-20, 1.4493909236726526e-20, 0.9999999996692686, 1.6399579826535617e-11, 
3.307063995278317e-10, 1.1656459238643787e-20, 1.1669100764883618e-20, 0.9999999996692686, 1.3203363418446278e-11, 
3.3070639743305727e-10, 9.384659128593442e-21, 9.394836868801163e-21, 0.9999999996692686, 1.063007756317573e-11, 
3.307063957465465e-10, 7.555624333739235e-21, 7.563818470588452e-21, 0.9999999996692686, 8.558315439629797e-12, 
3.307063943887306e-10, 6.0830615525990276e-21, 6.0896586829508524e-21, 0.9999999996692686, 6.890331959376973e-12, 
3.307063932955476e-10, 4.897495726079615e-21, 4.902807100511068e-21, 0.9999999996692686, 5.547432183974902e-12, 
3.3070639241542186e-10, 3.942992224398839e-21, 3.947268431913776e-21, 0.9999999996692686, 4.4662585224098806e-12, 
3.3070639170682974e-10, 3.1745178677650365e-21, 3.1779606585088995e-21, 0.9999999996692686, 3.595801539786645e-12, 
3.307063911363396e-10, 2.5558162744053636e-21, 2.558588078176473e-21, 0.9999999996692686, 2.894993348158308e-12, 
3.30706390677036e-10, 2.057697295404659e-21, 2.0599288850429216e-21, 0.9999999996692686, 2.3307700364292448e-12, 
3.307063903072484e-10, 1.656659832345776e-21, 1.6584564935554214e-21, 0.9999999996692686, 1.876511725380077e-12, 
3.307063900095311e-10, 1.3337830626671273e-21, 1.3352295613639785e-21, 0.9999999996692686, 1.5107866500993638e-12, 
3.307063897698377e-10, 1.0738337610631849e-21, 1.074998342604488e-21, 0.9999999996692686, 1.2163400160242297e-12, 
3.307063895768596e-10, 8.645476006092863e-22, 8.654852095885954e-22, 0.9999999996692686, 9.792799231344264e-13, 
3.307063894214926e-10, 6.96050525608677e-22, 6.968053981247729e-22, 0.9999999996692686, 7.884219504581893e-13, 
3.3070638929640626e-10, 5.60392896704687e-22, 5.610006474069903e-22, 0.9999999996692686, 6.347614785920269e-13, 
3.3070638919569846e-10, 4.511744293643423e-22, 4.516637317410075e-22, 0.9999999996692686, 5.11048854576131e-13, 
3.3070638911461796e-10, 3.6324223044462326e-22, 3.636361696287841e-22, 0.9999999996692686, 4.114473555372043e-13, 
3.307063890493397e-10, 2.924476862986076e-22, 2.927648482177667e-22, 0.9999999996692686, 3.312578139304678e-13, 
3.30706388996784e-10, 2.3545073247682604e-22, 2.357060807311172e-22, 0.9999999996692686, 2.666969122859513e-13, 
3.307063889544711e-10, 1.895622705285763e-22, 1.8976785236874963e-22, 0.9999999996692686, 2.147186874746156e-13, 
3.30706388920405e-10, 1.5261729717652455e-22, 1.5278281188947403e-22, 0.9999999996692686, 1.7287082312145013e-13, 
3.3070638889297843e-10, 1.2287276013833412e-22, 1.2300601665642324e-22, 0.9999999996692686, 1.3917895008659031e-13, 
3.30706388870897e-10, 9.89253214646707e-23, 9.903260678872061e-23, 0.9999999996692686, 1.1205349634736615e-13, 
3.3070638885311944e-10, 7.964514849343578e-23, 7.973152431145839e-23, 0.9999999996692686, 9.021469148788294e-14, 
3.307063888388066e-10, 6.412260869805086e-23, 6.419215019410637e-23, 0.9999999996692686, 7.263218753142642e-14, 
3.3070638882728323e-10, 5.162535350934718e-23, 5.1681341629453384e-23, 0.9999999996692686, 5.847644744546807e-14, 
3.307063888180052e-10, 4.156376633916004e-23, 4.160884258529899e-23, 0.9999999996692686, 4.7079607844153694e-14, 
3.3070638881053577e-10, 3.346314465416619e-23, 3.349943570952128e-23, 0.9999999996692686, 3.7903969402831367e-14, 
3.30706388804522e-10, 2.694130365889295e-23, 2.697052172409602e-23, 0.9999999996692686, 3.0516628372238735e-14, 
3.307063887996801e-10, 2.1690544936663238e-23, 2.1714068510884608e-23, 0.9999999996692686, 2.4569052315132015e-14, 
3.307063887957822e-10, 1.7463139334590178e-23, 1.7482078252698042e-23, 0.9999999996692686, 1.978063645500331e-14, 
3.30706388792644e-10, 1.4059639179674998e-23, 1.4074886973897205e-23, 0.9999999996692686, 1.59254648305674e-14, 
3.307063887901175e-10, 1.1319468400018787e-23, 1.1331744456513637e-23, 0.9999999996692686, 1.28216516514305e-14, 
3.307063887880833e-10, 9.113346596009632e-24, 9.12323009527969e-24, 0.9999999996692686, 1.0322759983438003e-14, 
3.3070638878644553e-10, 7.337189631534491e-24, 7.345146873981406e-24, 0.9999999996692686, 8.31089289996273e-15, 
3.3070638878512695e-10, 5.907198977016967e-24, 5.913605382848441e-24, 0.9999999996692686, 6.691131141813748e-15, 
3.3070638878406537e-10, 4.7559081210225636e-24, 4.761065942460256e-24, 0.9999999996692686, 5.387054856301965e-15, 
3.3070638878321063e-10, 3.828999521367835e-24, 3.833152102812562e-24, 0.9999999996692686, 4.337138132513137e-15, 
3.3070638878252247e-10, 3.0827419204831537e-24, 3.086085179427536e-24, 0.9999999996692686, 3.491846228091417e-15, 
3.3070638878196857e-10, 2.481927118369853e-24, 2.484618788724301e-24, 0.9999999996692686, 2.8112985356016477e-15, 
3.3070638878152257e-10, 1.998208860745714e-24, 2.0003759346749403e-24, 0.9999999996692686, 2.263387027955076e-15, 
3.3070638878116367e-10, 1.6087654716413526e-24, 1.6105101910149459e-24, 0.9999999996692686, 1.8222614117425834e-15, 
3.307063887808745e-10, 1.295223133872052e-24, 1.2966278140038836e-24, 0.9999999996692686, 1.4671095184839839e-15, 
3.3070638878064167e-10, 1.0427890180947504e-24, 1.0439199313537114e-24, 0.9999999996692686, 1.181175393034312e-15, 
3.307063887804542e-10, 8.39553361750396e-25, 8.404638642700166e-25, 0.9999999996692686, 9.50968752865462e-16, 
3.3070638878030346e-10, 6.759275701946692e-25, 6.766606191987969e-25, 0.9999999996692686, 7.65628520759594e-16, 
3.307063887801815e-10, 5.441918298043113e-25, 5.447820103154827e-25, 0.9999999996692686, 6.164104025860185e-16, 
3.3070638878008363e-10, 4.38130889587024e-25, 4.386060461370025e-25, 0.9999999996692686, 4.96274334241481e-16, 
3.3070638878000547e-10, 3.5274082758529463e-25, 3.531233779113627e-25, 0.9999999996692686, 3.995523336296331e-16, 
3.3070638877994126e-10, 2.839929674048915e-25, 2.8430096011167687e-25, 0.9999999996692686, 3.2168108704006804e-16, 
3.3070638877989044e-10, 2.2864380652374877e-25, 2.2889177261074184e-25, 0.9999999996692686, 2.5898665343599264e-16, 
3.307063887798491e-10, 1.840819888583285e-25, 1.8428162728788898e-25, 0.9999999996692686, 2.0851112906622417e-16, 
3.307063887798173e-10, 1.4820510180108055e-25, 1.4836583145181881e-25, 0.9999999996692686, 1.6787309449217108e-16, 
3.307063887797901e-10, 1.1932048505176274e-25, 1.1944988909828488e-25, 0.9999999996692686, 1.3515525996421444e-16, 
3.307063887797694e-10, 9.606537143436198e-26, 9.616955511907352e-26, 0.9999999996692686, 1.0881400829152107e-16, 
3.307063887797489e-10, 7.734259196833195e-26, 7.742647064486324e-26, 0.9999999996692686, 8.760656746620343e-17, 
3.3070638877973854e-10, 6.226881177956274e-26, 6.233634281761467e-26, 0.9999999996692686, 7.053237706903311e-17, 
3.307063887797282e-10, 5.013285463753553e-26, 5.018722413034299e-26, 0.9999999996692686, 5.678588214208286e-17, 
3.3070638877971786e-10, 4.036214988340539e-26, 4.04059229666189e-26, 0.9999999996692686, 4.571852735798819e-17, 
3.307063887797075e-10, 3.249571872555485e-26, 3.2530960599537403e-26, 0.9999999996692686, 3.6808158382629466e-17, 
3.307063887796972e-10, 2.616242540451322e-26, 2.6190798769846995e-26, 0.9999999996692686, 2.9634386797106875e-17, 
3.307063887796966e-10, 2.106346712400808e-26, 2.1086310627187354e-26, 0.9999999996692686, 2.3858756303737846e-17, 
3.307063887796966e-10, 1.695827662857411e-26, 1.6976668018927808e-26, 0.9999999996692686, 1.9208774463884764e-17, 
3.307063887796966e-10, 1.3653172315751186e-26, 1.3667979293318833e-26, 0.9999999996692686, 1.546505659000276e-17, 
3.307063887796966e-10, 1.0992220398710917e-26, 1.1004141552058887e-26, 0.9999999996692686, 1.2450975244759007e-17, 
3.307063887796966e-10, 8.849877999008352e-27, 8.85947576441973e-27, 0.9999999996692686, 1.002432701383176e-17, 
3.307063887796966e-10, 7.125070072877812e-27, 7.132797269920165e-27, 0.9999999996692686, 8.07062339333904e-18, 
3.307063887796966e-10, 5.7364207223091076e-27, 5.742641917719922e-27, 0.9999999996692686, 6.497689258065582e-18, 
3.307063887796966e-10, 4.618413905653907e-27, 4.623422613485143e-27, 0.9999999996692686, 5.2313140679103515e-18, 
3.307063887796966e-10, 3.718302411290256e-27, 3.722334940809435e-27, 0.9999999996692686, 4.211750637835829e-18, 
3.307063887796966e-10, 2.9936192606906228e-27, 2.9968658653780896e-27, 0.9999999996692686, 3.3908962843816206e-18, 
3.307063887796966e-10, 2.4101741296690637e-27, 2.4127879833176365e-27, 0.9999999996692686, 2.730023356117143e-18, 
3.307063887796966e-10, 1.940440259589295e-27, 1.942544682995858e-27, 0.9999999996692686, 2.197952075170673e-18, 
3.307063887796966e-10, 1.5622557535093849e-27, 1.5639500327114755e-27, 0.9999999996692686, 1.7695794850700788e-18, 
3.307063887796966e-10, 1.2577779848217294e-27, 1.2591420553817157e-27, 0.9999999996692686, 1.4246951011148552e-18, 
3.307063887796966e-10, 1.0126417877152712e-27, 1.0137400060551561e-27, 0.9999999996692686, 1.14702738603476e-18, 
3.307063887796966e-10, 8.15281713149494e-28, 8.161658928667596e-28, 0.9999999996692686, 9.234760639551502e-19, 
3.307063887796966e-10, 6.563863745892211e-28, 6.570982310061388e-28, 0.9999999996692686, 7.434940534822184e-19, 
3.307063887796966e-10, 5.284591397027698e-28, 5.290322579822459e-28, 0.9999999996692686, 5.985898597045471e-19, 
3.307063887796966e-10, 4.254644415953388e-28, 4.259258612783868e-28, 0.9999999996692686, 4.819269481214208e-19, 
3.307063887796966e-10, 3.425430226523234e-28, 3.4291451337514365e-28, 0.9999999996692686, 3.880011990852339e-19, 
3.307063887796966e-10, 2.757826762862333e-28, 2.760817648648345e-28, 0.9999999996692686, 3.1238122515956485e-19, 
3.307063887796966e-10, 2.220336702545921e-28, 2.222744675944843e-28, 0.9999999996692686, 2.5149929964714996e-19, 
3.307063887796966e-10, 1.7876014327875236e-28, 1.7895401012305082e-28, 0.9999999996692686, 2.0248303236117215e-19, 
3.307063887796966e-10, 1.4392046390261037e-28, 1.4407654682833983e-28, 0.9999999996692686, 1.63019851155439e-19, 
3.307063887796966e-10, 1.1587090695963084e-28, 1.1599656991036612e-28, 0.9999999996692686, 1.312478954944651e-19, 
3.307063887796966e-10, 9.328810313405255e-29, 9.338927484847094e-29, 0.9999999996692686, 1.0566817445625714e-19, 
3.307063887796966e-10, 7.510660281084734e-29, 7.51880565387637e-29, 0.9999999996692686, 8.507384480986889e-20, 
3.307063887796966e-10, 6.046860849641685e-29, 6.053418719921548e-29, 0.9999999996692686, 6.849327252956136e-20, 
3.307063887796966e-10, 4.868350420137554e-29, 4.873630186172532e-29, 0.9999999996692686, 5.51441914056357e-20, 
3.307063887796966e-10, 3.919527239436628e-29, 3.9237779989354407e-29, 0.9999999996692686, 4.4396795969545136e-20, 
3.307063887796966e-10, 3.1556261268989883e-29, 3.1590484293641063e-29, 0.9999999996692686, 3.574402746904689e-20, 
3.307063887796966e-10, 2.5406064671714887e-29, 2.543361775761876e-29, 0.9999999996692686, 2.877765099500418e-20, 
3.307063887796966e-10, 2.045451825237789e-29, 2.047670134550201e-29, 0.9999999996692686, 2.3168995086169776e-20, 
3.307063887796966e-10, 1.6468009600977665e-29, 1.6485869292711296e-29, 0.9999999996692686, 1.8653445112533627e-20, 
3.307063887796966e-10, 1.3258456487302795e-29, 1.3272835392311018e-29, 0.9999999996692686, 1.501795883991564e-20, 
3.307063887796966e-10, 1.0674433200188643e-29, 1.0686009710708486e-29, 0.9999999996692686, 1.2091015164049003e-20, 
3.307063887796966e-10, 8.594026329868009e-30, 8.603346622041813e-30, 0.9999999996692686, 9.734521798575134e-21, 
3.307063887796966e-10, 6.91908293146275e-30, 6.926586733757596e-30, 0.9999999996692686, 7.837300124202407e-21, 
3.307063887796966e-10, 5.570579699770885e-30, 5.576621039230003e-30, 0.9999999996692686, 6.30983981625207e-21, 
3.307063887796966e-10, 4.484894674465074e-30, 4.489758579592928e-30, 0.9999999996692686, 5.0800757755607584e-21, 
3.307063887796966e-10, 3.610805575921025e-30, 3.614721524238921e-30, 0.9999999996692686, 4.089988119661685e-21, 
3.307063887796966e-10, 2.9070731540997538e-30, 2.9102258988234547e-30, 0.9999999996692686, 3.2928648228927707e-21, 
3.307063887796966e-10, 2.3404955336405323e-30, 2.3430338202791482e-30, 0.9999999996692686, 2.651097857648922e-21, 
3.307063887796966e-10, 1.8843417597751003e-30, 1.8863853438976405e-30, 0.9999999996692686, 2.1344088594126835e-21, 
3.307063887796966e-10, 1.5170906402497187e-30, 1.5187359375153474e-30, 0.9999999996692686, 1.7184206029948263e-21, 
3.307063887796966e-10, 1.2214153822117684e-30, 1.2227400172304242e-30, 0.9999999996692686, 1.3835068926811224e-21, 
3.307063887796966e-10, 9.833661195470526e-31, 9.844325881842439e-31, 0.9999999996692686, 1.1138666044624567e-21, 
3.307063887796966e-10, 7.917117625634824e-31, 7.925703804756576e-31, 0.9999999996692686, 8.967781939505565e-22, 
3.307063887796966e-10, 6.374101186952515e-31, 6.381013952067202e-31, 0.9999999996692686, 7.219994978961845e-22, 
3.307063887796966e-10, 5.131812846882101e-31, 5.137378340083814e-31, 0.9999999996692686, 5.812845121333132e-22, 
3.307063887796966e-10, 4.131641830432767e-31, 4.13612262994851e-31, 0.9999999996692686, 4.679943476839494e-22, 
3.307063887796966e-10, 3.3264003821482304e-31, 3.3300078906964563e-31, 0.9999999996692686, 3.767840100544343e-22, 
3.307063887796966e-10, 2.678097462576252e-31, 2.68100188128095e-31, 0.9999999996692686, 3.0335022406846264e-22, 
3.307063887796966e-10, 2.1561463429202297e-31, 2.1584847013466708e-31, 0.9999999996692686, 2.4422840669138837e-22, 
3.307063887796966e-10, 1.7359215327496377e-31, 1.7378041539163656e-31, 0.9999999996692686, 1.966292090872247e-22, 
3.307063887796966e-10, 1.397596957070431e-31, 1.3991126624547452e-31, 0.9999999996692686, 1.5830691601375792e-22, 
3.307063887796966e-10, 1.125210568313308e-31, 1.126430868420754e-31, 0.9999999996692686, 1.274534936804323e-22, 
3.307063887796966e-10, 9.059112619262475e-32, 9.068937301338845e-32, 0.9999999996692686, 1.0261328728011012e-22, 
3.307063887796966e-10, 7.293525652847341e-32, 7.301435541350407e-32, 0.9999999996692686, 8.261434365095762e-23, 
3.307063887796966e-10, 5.87204494352263e-32, 5.878413224515807e-32, 0.9999999996692686, 6.651311889314617e-23, 
3.307063887796966e-10, 4.727605476411616e-32, 4.732732603398592e-32, 0.9999999996692686, 5.35499622630303e-23, 
3.307063887796966e-10, 3.80621295571849e-32, 3.8103408249454817e-32, 0.9999999996692686, 4.311327608886882e-23, 
3.307063887796966e-10, 3.064396370755442e-32, 3.067719733800366e-32, 0.9999999996692686, 3.471066078413043e-23, 
3.307063887796966e-10, 2.467157047266813e-32, 2.469832699357762e-32, 0.9999999996692686, 2.794568358914478e-23, 
3.307063887796966e-10, 1.9863174209339477e-32, 1.9884715984989716e-32, 0.9999999996692686, 2.2499174997603277e-23, 
3.307063887796966e-10, 1.5991916287115091e-32, 1.6009259651737672e-32, 0.9999999996692686, 1.8114170439166147e-23, 
3.307063887796966e-10, 1.2875151969107214e-32, 1.2889115177215754e-32, 0.9999999996692686, 1.4583786771475566e-23, 
3.307063887796966e-10, 1.0365833290483659e-32, 1.0377075121865594e-32, 0.9999999996692686, 1.1741461598263311e-23, 
3.307063887796966e-10, 8.345571381519775e-33, 8.35462222226049e-33, 0.9999999996692686, 9.453094907636477e-24, 
3.307063887796966e-10, 6.7190509177861e-33, 6.726337783718407e-33, 0.9999999996692686, 7.61072227549594e-24, 
3.307063887796966e-10, 5.409533172979819e-33, 5.415399856157277e-33, 0.9999999996692686, 6.127421137805164e-24, 
3.307063887796966e-10, 4.355235509840597e-33, 4.359958798538976e-33, 0.9999999996692686, 4.9332098112297636e-24, 
3.307063887796966e-10, 3.506416494665476e-33, 3.510219232166961e-33, 0.9999999996692686, 3.971745779225315e-24, 
3.307063887796966e-10, 2.8230291120381013e-33, 2.826090710307577e-33, 0.9999999996692686, 3.1976674697445534e-24, 
3.307063887796966e-10, 2.2728313591779825e-33, 2.2752962634633825e-33, 0.9999999996692686, 2.574454110468502e-24, 
3.307063887796966e-10, 1.8298650783425255e-33, 1.831849582056405e-33, 0.9999999996692686, 2.0727026902011244e-24, 
3.307063887796966e-10, 1.4732312590708542e-33, 1.4748289904771922e-33, 0.9999999996692686, 1.6687407340056154e-24, 
3.307063887796966e-10, 1.1861040294126131e-33, 1.187390368978997e-33, 0.9999999996692686, 1.343509443247449e-24, 
3.307063887796966e-10, 9.549368165566298e-34, 9.559724533811179e-34, 0.9999999996692686, 1.0816645074410921e-24, 
3.307063887796966e-10, 7.688232237663899e-34, 7.696570188701593e-34, 0.9999999996692686, 8.708521644847784e-25, 
3.307063887796966e-10, 6.189824699962143e-34, 6.196537615712445e-34, 0.9999999996692686, 7.011263540318443e-25, 
3.307063887796966e-10, 4.983451153903129e-34, 4.988855747629685e-34, 0.9999999996692686, 5.644794654771495e-25, 
3.307063887796966e-10, 4.01219527323453e-34, 4.016546531977472e-34, 0.9999999996692686, 4.544645413954823e-25, 
3.307063887796966e-10, 3.2302335095544175e-34, 3.2337367243390904e-34, 0.9999999996692686, 3.658911121084299e-25, 
3.307063887796966e-10, 2.600673151642562e-34, 2.6034936030458395e-34, 0.9999999996692686, 2.945803109498087e-25, 
3.307063887796966e-10, 2.0938117388942037e-34, 2.0960824949303607e-34, 0.9999999996692686, 2.3716771664453557e-25, 
3.307063887796966e-10, 1.6857357085269421e-34, 1.6875639027549124e-34, 0.9999999996692686, 1.9094462096608508e-25, 
3.307063887796966e-10, 1.3571921611747243e-34, 1.3586640472258741e-34, 0.9999999996692686, 1.5373023273031514e-25, 
3.307063887796966e-10, 1.0926805151227985e-34, 1.093865536120253e-34, 0.9999999996692686, 1.2376878875008705e-25, 
3.307063887796966e-10, 8.797211937148218e-35, 8.806752585782742e-35, 0.9999999996692686, 9.964671747773199e-26, 
3.307063887796966e-10, 7.082668428328807e-35, 7.090349640439223e-35, 0.9999999996692686, 8.02259471419441e-26, 
3.307063887796966e-10, 5.702282998755096e-35, 5.708467171524199e-35, 0.9999999996692686, 6.459021187788053e-26, 
3.307063887796966e-10, 4.5909294959842845e-35, 4.5959083967473895e-35, 0.9999999996692686, 5.200182259049113e-26, 
3.307063887796966e-10, 3.6961746096607124e-35, 3.700183141397195e-35, 0.9999999996692686, 4.186686301394512e-26, 
3.307063887796966e-10, 2.975804084347302e-35, 2.9790313683296336e-35, 0.9999999996692686, 3.3707168928132254e-26, 
3.307063887796966e-10, 2.395831064169058e-35, 2.3984293626452367e-35, 0.9999999996692686, 2.7137768520445476e-26, 
3.307063887796966e-10, 1.9288926035923578e-35, 1.9309845034711016e-35, 0.9999999996692686, 2.18487195361764e-26, 
3.307063887796966e-10, 1.55295869222053e-35, 1.5546428886832572e-35, 0.9999999996692686, 1.7590486299964206e-26, 
3.307063887796966e-10, 1.250292885799758e-35, 1.2516488387083483e-35, 0.9999999996692686, 1.4162166700748385e-26, 
3.307063887796966e-10, 1.0066155063315116e-35, 1.007707189119716e-35, 0.9999999996692686, 1.1402013693060612e-26, 
3.307063887796966e-10, 8.104299313347662e-36, 8.113088492547854e-36, 0.9999999996692686, 9.179804122053691e-27, 
3.307063887796966e-10, 6.52480186796337e-36, 6.531878069204953e-36, 0.9999999996692686, 7.390694835821932e-27, 
3.307063887796966e-10, 5.2531425321447746e-36, 5.25883960838715e-36, 0.9999999996692686, 5.950276218314878e-27, 
3.307063887796966e-10, 4.2293248165161436e-36, 4.233911554032977e-36, 0.9999999996692686, 4.790589770076199e-27, 
3.307063887796966e-10, 3.4050453217564404e-36, 3.4087381213879145e-36, 0.9999999996692686, 3.85692184751352e-27, 
3.307063887796966e-10, 2.741414799340506e-36, 2.744387886217218e-36, 0.9999999996692686, 3.1052222903215725e-27, 
3.307063887796966e-10, 2.2071233689678034e-36, 2.209517012397882e-36, 0.9999999996692686, 2.5000261487087687e-27, 
3.307063887796966e-10, 1.7769633282112897e-36, 1.7788904595424455e-36, 0.9999999996692686, 2.012780458168214e-27, 
3.307063887796966e-10, 1.4306398610080621e-36, 1.4321914016932176e-36, 0.9999999996692686, 1.6204971195506418e-27, 
3.307063887796966e-10, 1.1518135345907371e-36, 1.153062685833714e-36, 0.9999999996692686, 1.304668327742907e-27, 
3.307063887796966e-10, 9.273294101644842e-37, 9.283351065298836e-37, 0.9999999996692686, 1.050393379216542e-27, 
3.307063887796966e-10, 7.465963970127898e-37, 7.4740608694030245e-37, 0.9999999996692686, 8.45675661499897e-28, 
3.307063887796966e-10, 6.010875681529505e-37, 6.017394525598851e-37, 0.9999999996692686, 6.808566567572152e-28, 
3.307063887796966e-10, 4.839378625903519e-37, 4.844626971789583e-37, 0.9999999996692686, 5.48160255940709e-28, 
3.307063887796966e-10, 3.896201938898295e-37, 3.900427401917006e-37, 0.9999999996692686, 4.4132588439996875e-28, 
3.307063887796966e-10, 3.1368468396788477e-37, 3.140248775852662e-37, 0.9999999996692686, 3.5531312992980153e-28, 
3.307063887796966e-10, 2.5254871923772833e-37, 2.5282261039899167e-37, 0.9999999996692686, 2.8606393770027652e-28, 
3.307063887796966e-10, 2.0332792402177618e-37, 2.0354843482616953e-37, 0.9999999996692686, 2.3031115250020514e-28, 
3.307063887796966e-10, 1.637000766101252e-37, 1.6387761068836953e-37, 0.9999999996692686, 1.854243753770484e-28, 
3.307063887796966e-10, 1.3179554756724342e-37, 1.3193848092157401e-37, 0.9999999996692686, 1.492858622377739e-28, 
3.307063887796966e-10, 1.061090912004812e-37, 1.0622416738181058e-37, 0.9999999996692686, 1.2019060934549702e-28, 
3.307063887796966e-10, 8.54288285395036e-38, 8.552147680604277e-38, 0.9999999996692686, 9.676591177692002e-29, 
3.307063887796966e-10, 6.87790712658447e-38, 6.885366273380574e-38, 0.9999999996692686, 7.790659963377154e-29, 
3.307063887796966e-10, 5.537428904347738e-38, 5.543434291496813e-38, 0.9999999996692686, 6.272289647297484e-29, 
3.307063887796966e-10, 4.458204844346737e-38, 4.4630398041345125e-38, 0.9999999996692686, 5.049843993260504e-29, 
3.307063887796966e-10, 3.589317493277663e-38, 3.593210137593359e-38, 0.9999999996692686, 4.0656483979907836e-29, 
3.307063887796966e-10, 2.889773017919017e-38, 2.892907000502871e-38, 0.9999999996692686, 3.273268821402246e-29, 
3.307063887796966e-10, 2.3265671289131558e-38, 2.329090310082392e-38, 0.9999999996692686, 2.635321043122906e-29, 
3.307063887796966e-10, 1.8731279487262827e-38, 1.8751593713785934e-38, 0.9999999996692686, 2.1217068866807128e-29, 
3.307063887796966e-10, 1.5080623587846177e-38, 1.5096978648048105e-38, 0.9999999996692686, 1.7081941969597116e-29, 
3.307063887796966e-10, 1.2141466788371312e-38, 1.2154634308872493e-38, 0.9999999996692686, 1.375273574707466e-29, 
3.307063887796966e-10, 9.775140591131061e-39, 9.78574181142669e-39, 0.9999999996692686, 1.107237929185672e-29, 
3.307063887796966e-10, 7.870002466909178e-39, 7.878537549254136e-39, 0.9999999996692686, 8.914414225461665e-30, 
3.307063887796966e-10, 6.336168595401244e-39, 6.343040222308693e-39, 0.9999999996692686, 7.177028431599875e-30, 
3.307063887796966e-10, 5.1012731747104676e-39, 5.1068055473867584e-39, 0.9999999996692686, 5.778252592399063e-30, 
3.307063887796966e-10, 4.1070542254680425e-39, 4.111508359524158e-39, 0.9999999996692686, 4.652092901647279e-30, 
3.307063887796966e-10, 3.306604808885242e-39, 3.310190848971599e-39, 0.9999999996692686, 3.7454174976749365e-30, 
3.307063887796966e-10, 2.6621599720653786e-39, 2.6650471064306565e-39, 0.9999999996692686, 3.015449718753959e-30, 
3.307063887796966e-10, 2.1433150093483387e-39, 2.145639452088083e-39, 0.9999999996692686, 2.4277499135885374e-30, 
3.307063887796966e-10, 1.725590977815611e-39, 1.7274623954106245e-39, 0.9999999996692686, 1.9545905893481984e-30, 
3.307063887796966e-10, 1.3892797884264219e-39, 1.3907864737729974e-39, 0.9999999996692686, 1.573648237236034e-30, 
3.307063887796966e-10, 1.1185143845463497e-39, 1.1197274225874768e-39, 0.9999999996692686, 1.2669501163319708e-30, 
3.307063887796966e-10, 9.005201391824316e-40, 9.014967606731528e-40, 0.9999999996692686, 1.0200263053024565e-30, 
3.307063887796966e-10, 7.2501215208067836e-40, 7.257984337171991e-40, 0.9999999996692686, 8.212270160416917e-31, 
3.307063887796966e-10, 5.83710011351751e-40, 5.843430496555397e-40, 0.9999999996692686, 6.611729603157301e-31, 
3.307063887796966e-10, 4.699471262301643e-40, 4.7045678775022305e-40, 0.9999999996692686, 5.323128378797434e-31, 
3.307063887796966e-10, 3.783561994089262e-40, 3.78766529816224e-40, 0.9999999996692686, 4.285670684963796e-31, 
3.307063887796966e-10, 3.0461599963280833e-40, 3.049463581875089e-40, 0.9999999996692686, 3.450409592433574e-31, 
3.307063887796966e-10, 2.4524748736046733e-40, 2.45513460275764e-40, 0.9999999996692686, 2.7779377443365546e-31, 
3.307063887796966e-10, 1.9744967476798474e-40, 1.9766381056275944e-40, 0.9999999996692686, 2.2365281293943154e-31, 
3.307063887796966e-10, 1.589674760201739e-40, 1.591398775541896e-40, 0.9999999996692686, 1.8006372114601376e-31, 
3.307063887796966e-10, 1.279853130268212e-40, 1.2812411415048315e-40, 0.9999999996692686, 1.4496997934799067e-31, 
3.307063887796966e-10, 1.0304145703675049e-40, 1.0315320634362187e-40, 0.9999999996692686, 1.167158757932961e-31, 
3.307063887796966e-10, 8.295906473293098e-41, 8.304903452032729e-41, 0.9999999996692686, 9.396839072106094e-32, 
3.307063887796966e-10, 6.679065513318631e-41, 6.686309014751221e-41, 0.9999999996692686, 7.565430490659226e-32, 
3.307063887796966e-10, 5.377340773406061e-41, 5.38317254366165e-41, 0.9999999996692686, 6.090956551431945e-32, 
3.307063887796966e-10, 4.329317287826369e-41, 4.334012467999999e-41, 0.9999999996692686, 4.9038520355500505e-32, 
3.307063887796966e-10, 3.485549636609748e-41, 3.489329743832202e-41, 0.9999999996692686, 3.948109723572879e-32, 
3.307063887796966e-10, 2.8062291261101017e-41, 2.8092725046567893e-41, 0.9999999996692686, 3.1786379924128987e-32, 
3.307063887796966e-10, 2.2593056273008016e-41, 2.2617558628188353e-41, 0.9999999996692686, 2.559133406674227e-32, 
3.307063887796966e-10, 1.8189754607203793e-41, 1.8209481545544648e-41, 0.9999999996692686, 2.0603679339353078e-32, 
3.307063887796966e-10, 1.464463986953282e-41, 1.4660522101809658e-41, 0.9999999996692686, 1.6588099753289824e-32, 
3.307063887796966e-10, 1.1790454656456677e-41, 1.1803241501416443e-41, 0.9999999996692686, 1.3355141520744213e-32, 
3.307063887796966e-10, 9.492539403114427e-42, 9.502834140099454e-42, 0.9999999996692686, 1.0752274684370208e-32, 
3.307063887796966e-10, 7.642479187207173e-42, 7.650767518685681e-42, 0.9999999996692686, 8.656696801645428e-33, 
3.307063887796966e-10, 6.152988746902831e-42, 6.159661713759353e-42, 0.9999999996692686, 6.969539164075733e-33, 
3.307063887796966e-10, 4.95379438950726e-42, 4.959166820229134e-42, 0.9999999996692686, 5.611202202478971e-33, 
3.307063887796966e-10, 3.9883185006418396e-42, 3.992643864828705e-42, 0.9999999996692686, 4.5176000042293076e-33, 
3.307063887796966e-10, 3.211010230108511e-42, 3.2144925970886635e-42, 0.9999999996692686, 3.637136759961398e-33, 
3.307063887796966e-10, 2.585196417036962e-42, 2.5880000837943848e-42, 0.9999999996692686, 2.92827248943641e-33, 
3.307063887796966e-10, 2.0813513616351508e-42, 2.0836086042897797e-42, 0.9999999996692686, 2.357563198278285e-33, 
3.307063887796966e-10, 1.6757038119160294e-42, 1.6775211264696902e-42, 0.9999999996692686, 1.8980830007885915e-33, 
3.307063887796966e-10, 1.3491154434702966e-42, 1.3505785702547278e-42, 0.9999999996692686, 1.528153765088321e-33, 
3.307063887796966e-10, 1.0861779193119485e-42, 1.0873558881908124e-42, 0.9999999996692686, 1.2303223456420964e-33, 
3.307063887796966e-10, 8.744859293628022e-43, 8.754343165390456e-43, 0.9999999996692686, 9.905371493154572e-34, 
3.307063887796966e-10, 7.040519118064469e-43, 7.048154618901553e-43, 0.9999999996692686, 7.974851856095742e-34, 
3.307063887796966e-10, 5.668348430483029e-43, 5.674495800933991e-43, 0.9999999996692686, 6.420583233109975e-34, 
3.307063887796966e-10, 4.563608647396496e-43, 4.5685579184748065e-43, 0.9999999996692686, 5.169235717122766e-34, 
3.307063887796966e-10, 3.674178491673517e-43, 3.678163168439295e-43, 0.9999999996692686, 4.161771124059506e-34, 
3.307063887796966e-10, 2.958094926999865e-43, 2.961303005255534e-43, 0.9999999996692686, 3.3506575898024936e-34, 
3.307063887796966e-10, 2.381573354961514e-43, 2.3841561908348985e-43, 0.9999999996692686, 2.6976270317215383e-34, 
3.307063887796966e-10, 1.9174136682676194e-43, 1.919493119146678e-43, 0.9999999996692686, 2.1718696725151548e-34, 
3.307063887796966e-10, 1.5437169582034107e-43, 1.5453911319296547e-43, 0.9999999996692686, 1.748580444562357e-34, 
3.307063887796966e-10, 1.2428523309724214e-43, 1.2442002145381605e-43, 0.9999999996692686, 1.4077886945974448e-34, 
3.307063887796966e-10, 1.0006250876464391e-43, 1.0017102737763554e-43, 0.9999999996692686, 1.1334159745406575e-34, 
3.307063887796966e-10, 8.056070227136762e-44, 8.064807101496648e-44, 0.9999999996692686, 9.125174653510678e-35, 
3.307063887796966e-10, 6.485972449202791e-44, 6.493006539620656e-44, 0.9999999996692686, 7.34671244516562e-35, 
3.307063887796966e-10, 5.221880821012792e-44, 5.227543993672559e-44, 0.9999999996692686, 5.914865830122627e-35, 
3.307063887796966e-10, 4.204155895267921e-44, 4.208715336882842e-44, 0.9999999996692686, 4.762080733318198e-35, 
3.307063887796966e-10, 3.384781728566516e-44, 3.3884525521646666e-44, 0.9999999996692686, 3.833969114760163e-35, 
3.307063887796966e-10, 2.7251005042256217e-44, 2.728055898115224e-44, 0.9999999996692686, 3.0867429588268245e-35, 
3.307063887796966e-10, 2.1939886685915728e-44, 2.1963680673311632e-44, 0.9999999996692686, 2.485148369397598e-35, 
3.307063887796966e-10, 1.7663885315217314e-44, 1.768304194398982e-44, 0.9999999996692686, 2.000802302070153e-35, 
3.307063887796966e-10, 1.422126052407764e-44, 1.423668359797533e-44, 0.9999999996692686, 1.6108534610107021e-35, 
3.307063887796966e-10, 1.144959035255154e-44, 1.146200752737276e-44, 0.9999999996692686, 1.2969041819700864e-35, 
3.307063887796966e-10, 9.218108269607392e-45, 9.22810538377307e-45, 0.9999999996692686, 1.0441424362438166e-35, 
3.307063887796966e-10, 7.421533649129021e-45, 7.429582363355927e-45, 0.9999999996692686, 8.406430037946475e-36, 
3.307063887796966e-10, 5.975104662933209e-45, 5.981584713038953e-45, 0.9999999996692686, 6.768048451043622e-36, 
3.307063887796966e-10, 4.810579244250433e-45, 4.8157963569704443e-45, 0.9999999996692686, 5.448981271348765e-36, 
3.307063887796966e-10, 3.873015448377547e-45, 3.877215765456759e-45, 0.9999999996692686, 4.3869953222529324e-36, 
3.307063887796966e-10, 3.1181793089261143e-45, 3.1215610000094304e-45, 0.9999999996692686, 3.531986439128515e-36, 
3.307063887796966e-10, 2.5104578931354455e-45, 2.513180505349552e-45, 0.9999999996692686, 2.8436155705270376e-36, 
3.307063887796966e-10, 2.021179094853456e-45, 2.0233710801903123e-45, 0.9999999996692686, 2.2894055943598106e-36, 
3.307063887796966e-10, 1.6272588935441003e-45, 1.629023669185705e-45, 0.9999999996692686, 1.843209057444625e-36, 
3.307063887796966e-10, 1.3101122574248458e-45, 1.3115330849335126e-45, 0.9999999996692686, 1.4839745468499763e-36, 
3.307063887796966e-10, 1.054776307485156e-45, 1.05592022105796e-45, 0.9999999996692686, 1.1947534908230306e-36, 
3.307063887796966e-10, 8.49204373538839e-46, 8.501253426600468e-46, 0.9999999996692686, 9.619005304800052e-37, 
3.307063887796966e-10, 6.8369763609583364e-46, 6.844391118002779e-46, 0.9999999996692686, 7.744297360456658e-37, 
3.307063887796966e-10, 5.504475390948415e-46, 5.510445039741424e-46, 0.9999999996692686, 6.2349629412562795e-37, 
3.307063887796966e-10, 4.431673846728009e-46, 4.436480033430855e-46, 0.9999999996692686, 5.0197921217925455e-37, 
3.307063887796966e-10, 3.567957287277316e-46, 3.571826766274082e-46, 0.9999999996692686, 4.041453523207843e-37, 
3.307063887796966e-10, 2.8725758357046812e-46, 2.8756911678031107e-46, 0.9999999996692686, 3.2537894366861774e-37, 
3.307063887796966e-10, 2.3127216128114746e-46, 2.3152297784047263e-46, 0.9999999996692686, 2.6196381172007546e-37, 
3.307063887796966e-10, 1.861980871621865e-46, 1.8640002051774574e-46, 0.9999999996692686, 2.109080504016952e-37, 
3.307063887796966e-10, 1.499087805069229e-46, 1.5007135781121712e-46, 0.9999999996692686, 1.6980286487729074e-37, 
3.307063887796966e-10, 1.2069212318759291e-46, 1.208230147869444e-46, 0.9999999996692686, 1.3670892536164516e-37, 
3.307063887796966e-10, 9.7169682458036e-47, 9.727506377712707e-47, 0.9999999996692686, 1.1006487014834443e-37, 
3.307063887796966e-10, 7.823167692824346e-47, 7.831651982471957e-47, 0.9999999996692686, 8.861364105324655e-38, 
3.307063887796966e-10, 6.29846174257918e-47, 6.305292476094897e-47, 0.9999999996692686, 7.134317580287218e-38, 
3.307063887796966e-10, 5.070915245639017e-47, 5.076414694891773e-47, 0.9999999996692686, 5.743865925316305e-38, 
3.307063887796966e-10, 4.082612942557049e-47, 4.0870405698410085e-47, 0.9999999996692686, 4.62440806660607e-38, 
3.307063887796966e-10, 3.2869270400582165e-47, 3.2904917394425845e-47, 0.9999999996692686, 3.7231283328246647e-38, 
3.307063887796966e-10, 2.6463173263491177e-47, 2.6491872792349326e-47, 0.9999999996692686, 2.9975046282745325e-38, 
3.307063887796966e-10, 2.130560035677427e-47, 2.1328706455434145e-47, 0.9999999996692686, 2.413302253728779e-38, 
3.307063887796966e-10, 1.7153219005251493e-47, 1.717182181221458e-47, 0.9999999996692686, 1.9429587240387068e-38, 
3.307063887796966e-10, 1.3810121156645442e-47, 1.3825098346520728e-47, 0.9999999996692686, 1.564283378712821e-38, 
3.307063887796966e-10, 1.1118580501003156e-47, 1.1130638692920391e-47, 0.9999999996692686, 1.259410433501546e-38, 
3.307063887796966e-10, 8.951610992768176e-48, 8.961319088447251e-48, 0.9999999996692686, 1.01395607828915e-38, 
3.307063887796966e-10, 7.206975688903656e-48, 7.214791713259627e-48, 0.9999999996692686, 8.163398534352779e-39, 
3.307063887796966e-10, 5.802363241924835e-48, 5.808655952540036e-48, 0.9999999996692686, 6.572382873143453e-39, 
3.307063887796966e-10, 4.671504476291927e-48, 4.676570761283277e-48, 0.9999999996692686, 5.291450178429173e-39, 
3.307063887796966e-10, 3.761045829453461e-48, 3.765124714560871e-48, 0.9999999996692686, 4.260166446664486e-39, 
3.307063887796966e-10, 3.028032147467285e-48, 3.0313160732132393e-48, 0.9999999996692686, 3.4298760342242605e-39, 
3.307063887796966e-10, 2.4378800742844817e-48, 2.440523975257656e-48, 0.9999999996692686, 2.7614060993688782e-39, 
3.307063887796966e-10, 1.9627464198371825e-48, 1.9648750344578288e-48, 0.9999999996692686, 2.2232184398338705e-39, 
3.307063887796966e-10, 1.580214527047377e-48, 1.5819282826869413e-48, 0.9999999996692686, 1.789921530320009e-39, 
3.307063887796966e-10, 1.2722366609634217e-48, 1.2736164120764937e-48, 0.9999999996692686, 1.441072558278406e-39, 
3.307063887796966e-10, 1.0242825222747926e-48, 1.0253933650869613e-48, 0.9999999996692686, 1.160212938414005e-39, 
3.307063887796966e-10, 8.24653712339275e-49, 8.255480560666736e-49, 0.9999999996692686, 9.340918017836553e-40, 
3.307063887796966e-10, 6.639318063971663e-49, 6.6465184589688244e-49, 0.9999999996692686, 7.520408239475157e-40, 
3.307063887796966e-10, 5.345339952395074e-49, 5.351137017497318e-49, 0.9999999996692686, 6.054708967616533e-40, 
3.307063887796966e-10, 4.3035533064338075e-49, 4.30822054535791e-49, 0.9999999996692686, 4.874668969446062e-40, 
3.307063887796966e-10, 3.464806958258827e-49, 3.468564569876163e-49, 0.9999999996692686, 3.924614327257172e-40, 
3.307063887796966e-10, 2.789529117729648e-49, 2.7925543849800196e-49, 0.9999999996692686, 3.1597217604424514e-40, 
3.307063887796966e-10, 2.2458603877232964e-49, 2.2482960417685264e-49, 0.9999999996692686, 2.5439038771463256e-40, 
3.307063887796966e-10, 1.8081506477515363e-49, 1.810111601987007e-49, 0.9999999996692686, 2.0481065824143702e-40, 
3.307063887796966e-10, 1.455748889305896e-49, 1.4573276609385672e-49, 0.9999999996692686, 1.6489383150886198e-40, 
3.307063887796966e-10, 1.1720289077409638e-49, 1.1732999827222365e-49, 0.9999999996692686, 1.3275664412747787e-40, 
3.307063887796966e-10, 9.43604883143986e-50, 9.446282303935711e-50, 0.9999999996692686, 1.0688287365705747e-40, 
3.307063887796966e-10, 7.596998415417618e-50, 7.6052374226254e-50, 0.9999999996692686, 8.605180370649316e-41, 
3.307063887796966e-10, 6.116372006422858e-50, 6.123005262123442e-50, 0.9999999996692686, 6.928063091660613e-41, 
3.307063887796966e-10, 4.924314113983748e-50, 4.92965457310457e-50, 0.9999999996692686, 5.577809660532217e-41, 
3.307063887796966e-10, 3.9645838199042816e-50, 3.968883443634852e-50, 0.9999999996692686, 4.490715543075285e-41, 
3.307063887796966e-10, 3.191901349349768e-50, 3.1953629925917157e-50, 0.9999999996692686, 3.615491979138947e-41, 
3.307063887796966e-10, 2.5698117852448007e-50, 2.572598767242625e-50, 0.9999999996692686, 2.9108461949621473e-41, 
3.307063887796966e-10, 2.0689651366977174e-50, 2.071208946389621e-50, 0.9999999996692686, 2.343533223034149e-41, 
3.307063887796966e-10, 1.665731615618235e-50, 1.6675381152430675e-50, 0.9999999996692686, 1.886787414934593e-41, 
3.307063887796966e-10, 1.3410867907125697e-50, 1.3425412103571118e-50, 0.9999999996692686, 1.5190596464199087e-41, 
3.307063887796966e-10, 1.0797140207705203e-50, 1.0808849794983012e-50, 0.9999999996692686, 1.2230006364873758e-41, 
3.307063887796966e-10, 8.692818203279904e-51, 8.702245636052217e-51, 0.9999999996692686, 9.84642413728544e-42, 
3.307063887796966e-10, 6.998620640431119e-51, 7.006210702024918e-51, 0.9999999996692686, 7.927393118107999e-42, 
3.307063887796966e-10, 5.634615808505864e-51, 5.640726595651104e-51, 0.9999999996692686, 6.382374024602136e-42, 
3.307063887796966e-10, 4.536450386530512e-51, 4.541370204251746e-51, 0.9999999996692686, 5.138473339598682e-42, 
3.307063887796966e-10, 3.6523132736728454e-51, 3.6562742374300304e-51, 0.9999999996692686, 4.137004218177638e-42, 
3.307063887796966e-10, 2.94049115772406e-51, 2.9436801445472944e-51, 0.9999999996692686, 3.330717660696523e-42, 
3.307063887796966e-10, 2.3674004940869415e-51, 2.369967959376246e-51, 0.9999999996692686, 2.6815733197783702e-42, 
3.307063887796966e-10, 1.906003044654975e-51, 1.908070120618963e-51, 0.9999999996692686, 2.1589447686308633e-42, 
3.307063887796966e-10, 1.5345302222027072e-51, 1.5361944328382695e-51, 0.9999999996692686, 1.7381745558177762e-42, 
3.307063887796966e-10, 1.2354560552550195e-51, 1.236795917498966e-51, 0.9999999996692686, 1.399410874419132e-42, 
3.307063887796966e-10, 9.946703182393676e-52, 9.957490463729295e-52, 0.9999999996692686, 1.1266709599952437e-42, 
3.307063887796966e-10, 8.008128154604263e-52, 8.016813035392533e-52, 0.9999999996692686, 9.070870287638013e-43, 
3.307063887796966e-10, 6.44737410623453e-52, 6.4543663364322766e-52, 0.9999999996692686, 7.302991795892351e-43, 
3.307063887796966e-10, 5.19080514987059e-52, 5.19643462070965e-52, 0.9999999996692686, 5.8796661709026206e-43, 
3.307063887796966e-10, 4.1791367555154064e-52, 4.183669063667679e-52, 0.9999999996692686, 4.733741355248572e-43, 
3.307063887796966e-10, 3.364638725022316e-52, 3.368287703367601e-52, 0.9999999996692686, 3.8111529748551304e-43, 
