1.0, 0.0, 0.0, 0.0, 1.875e-08, 
0.9999909460671513, 8.320634592620875e-06, 6.82052193010848e-07, 5.124606308462823e-08, 1.5525153770770102e-08, 
0.9999829464226888, 1.4410529456628733e-05, 2.2833725033749018e-06, 3.5967535159431005e-07, 1.5003668786158195e-08, 
0.9999743428410989, 2.01447547358175e-05, 4.434837755147641e-06, 1.0775664106941604e-06, 1.785896395114699e-08, 
0.9999632699878893, 2.7298259912356667e-05, 7.115333444548591e-06, 2.316418753620088e-06, 2.431955555479033e-08, 
0.9999477187151742, 3.750704160334728e-05, 1.056182855010152e-05, 4.2124146723364326e-06, 3.4773841664949924e-08, 
0.9999253481082557, 5.246508800873373e-05, 1.5211527544173997e-05, 6.975276191322682e-06, 5.0125904345795236e-08, 
0.9998931466645852, 7.422924087603943e-05, 2.1694219461222764e-05, 1.0929875077581469e-05, 7.20258717473775e-08, 
0.999846978458538, 0.00010558314044448518, 3.08765866672329e-05, 1.6561814350627797e-05, 1.0308860408562332e-07, 
0.9997809957229399, 0.00015046890538676045, 4.395729162023076e-05, 2.4578080053899345e-05, 1.4719125479764495e-07, 
0.9996868560884501, 0.00021453355484679496, 6.261634250964739e-05, 3.599401419378946e-05, 2.0992396855084835e-07, 
0.999552644625622, 0.0003058650524148428, 8.923082762604571e-05, 5.225949433798584e-05, 2.992667795389088e-07, 
0.9993613593045804, 0.0004360197212756298, 0.00012718001179657396, 7.544096234889741e-05, 4.265817685047829e-07, 
0.9990887646977464, 0.0006214769316558612, 0.00018127606352942019, 0.00010848230706983895, 6.080432194547395e-07, 
0.9987003438993084, 0.000885705390737315, 0.00025837351145836926, 0.00015557719849743093, 8.666814503110842e-07, 
0.998146973457884, 0.0012620944245617393, 0.00036823285545409745, 0.00022269926210193676, 1.2352921874297542e-06, 
0.997358800390936, 0.0017980995982441598, 0.000524744087288677, 0.0003183559235325897, 1.7605699105660764e-06, 
0.9962366031518427, 0.0025610808069573294, 0.0007476571505506794, 0.00045465889065092284, 2.508970957135307e-06, 
0.9946396603264819, 0.003646476183872189, 0.001065021709109141, 0.0006488417805387194, 3.5750140423317447e-06, 
0.9923688301687317, 0.0051891525972363375, 0.0015166105460535837, 0.0009254066879804524, 5.092998292542253e-06, 
0.9891431814475571, 0.0073789787819482765, 0.0021586895609424584, 0.0013191502095537266, 7.2534774414292465e-06, 
0.9845681851098661, 0.010481810233694848, 0.003070595993247218, 0.001879408663193739, 1.0326281017646669e-05, 
0.9780933646464217, 0.014866990459296556, 0.004363672757889736, 0.0026759721363934304, 1.4692401492031467e-05, 
0.9689578259353337, 0.021041809498500978, 0.006193124873967237, 0.003807239692199261, 2.088759134241048e-05, 
0.9561240804867164, 0.029691429619209744, 0.008773192591372866, 0.0054112973027031375, 2.9660823754696607e-05, 
0.9382055783336356, 0.04171835526430217, 0.012395434720584159, 0.007680631681480009, 4.205038898864398e-05, 
0.9134039032199572, 0.05826663366237393, 0.017448451578522844, 0.010881011539148229, 5.94783675115039e-05, 
0.8794910401729942, 0.08070018172902309, 0.024434361646355623, 0.015374416451629243, 8.385880026483265e-05, 
0.8339030427400405, 0.11048069895170909, 0.03397191453388349, 0.021644343774369183, 0.00011770328779944987, 
0.774049688982528, 0.14886373721227145, 0.046767790664566176, 0.030318783140635353, 0.00016418646329011762, 
0.6979664431411954, 0.19632448427151494, 0.06352797735266066, 0.0421810952346303, 0.00022710059273088013, 
0.6053783937847453, 0.2516921859840998, 0.08477712338802391, 0.05815229684313224, 0.0003105886218325298, 
0.4990134859534401, 0.3111923292983973, 0.11057155964570535, 0.0792226251024595, 0.0004185223101198133, 
0.3855530765820608, 0.3679813340202624, 0.14015278285936134, 0.10631280653831765, 0.0005534402962578566, 
0.2751873191639608, 0.4130523287170231, 0.1716938692358441, 0.14006648288317386, 0.000715148171332105, 
0.17902545930996067, 0.4379811342011809, 0.20237460931879084, 0.18061879717006954, 0.0008994119658031342, 
0.1051030093231097, 0.4385208439988139, 0.2289431731198699, 0.22743297355820852, 0.0010974626305403632, 
0.05544762127769686, 0.41663223479087086, 0.24861872022990605, 0.27930142370152794, 0.0012969170675376654, 
0.026360635715003685, 0.3792256876978925, 0.25987454830016965, 0.3345391282869359, 0.0014840458955328077, 
0.011406626758692535, 0.33462643855101676, 0.2626743813551229, 0.39129255333516894, 0.0016465013170985248, 
0.004563720908052094, 0.2894685613456041, 0.2581335647157019, 0.44783415303064333, 0.0017753805491392879, 
0.0017213347501266543, 0.24759893804627495, 0.24793034189880075, 0.5027493853047991, 0.0018660240313278103, 
0.0006249490492047541, 0.21057013175609335, 0.23380386861443472, 0.5550010505802686, 0.0019176847202286632, 
0.0002229048262376631, 0.17859669505325587, 0.21727231058987637, 0.6039080895306318, 0.0019325881018593895, 
7.95785581200826e-05, 0.15129853683994798, 0.19953711499386775, 0.6490847696080662, 0.0019148660180855876, 
2.8899391109181024e-05, 0.12810858773101377, 0.18149079915618635, 0.6903717137216928, 0.0018696365771576713, 
1.081864093291377e-05, 0.10845047304447399, 0.16376491332203053, 0.7277737949925642, 0.0018023192535381826, 
4.2186254685619515e-06, 0.09180096461293409, 0.14678524118825143, 0.7614095755733477, 0.0017181755460829436, 
1.726736376665366e-06, 0.07770470602450999, 0.13082135111445534, 0.7914722161246597, 0.0016220302550031174, 
7.457984848360267e-07, 0.06577193614656279, 0.11602715134520329, 0.8182001667097512, 0.0015181246329099955, 
3.409780777559842e-07, 0.05567124228847569, 0.10247273091935659, 0.8418556858140926, 0.0014100601752990193, 
1.6525164020603094e-07, 0.04712157508108021, 0.09016882340555955, 0.8627094362617228, 0.0013008014922000677, 
8.489164296276211e-08, 0.03988485402379724, 0.0790853433898783, 0.8810297176946844, 0.0011927153303742401, 
4.617246908160463e-08, 0.033759489573512755, 0.06916527133386506, 0.8970751929201559, 0.0010876296473909574, 
2.653572831173893e-08, 0.028574823364129257, 0.06033493296309782, 0.9110902171370476, 0.0009869017722250557, 
1.607209845724933e-08, 0.024186394729135707, 0.05251150693059467, 0.923302082268174, 0.0008914884345424381, 
1.0227989082773011e-08, 0.020471923972103182, 0.045608416377016923, 0.9339196494228937, 0.0008020131255538352, 
6.816401837390565e-09, 0.017327908599459513, 0.039539116109776715, 0.9431329684743655, 0.0007188281354054021, 
4.74114992407756e-09, 0.014666740734557577, 0.03421967272998654, 0.9511135817943097, 0.0006420699062570882, 
3.429901074068766e-09, 0.012414266585447574, 0.02957044482366833, 0.9580152851609869, 0.000571707207158512, 
2.5720427900901668e-09, 0.010507720444769537, 0.025517099529182744, 0.9639751774540084, 0.0005075821971698943, 
1.9927435277404558e-09, 0.008893975855781357, 0.021991146417105558, 0.9691148757343735, 0.0004494447864613408, 
1.5901780017778816e-09, 0.007528065301612474, 0.01893012644600169, 0.9735418066622109, 0.00039698089729242895, 
1.3031195012704417e-09, 0.006371927208625576, 0.01627756020503186, 0.977350511283227, 0.0003498353159371837, 
1.0936435245878933e-09, 0.00539334536756048, 0.013982733666811601, 0.9806239198719883, 0.000307629847544009, 
9.376021321377279e-10, 0.004565051228195075, 0.012000379621555791, 0.9834345682126512, 0.00026997746344479244, 
8.192206248474594e-10, 0.0038639640572129437, 0.01029029755677852, 0.9858457375667927, 0.00023649308205370557, 
7.279464152537938e-10, 0.003270547788355513, 0.008816942967396848, 0.9879125085163064, 0.00020680156234138263, 
6.565629868806937e-10, 0.00276826664449902, 0.0075490081263023335, 0.9896827245726406, 0.00018054342113293736, 
6.000332756276558e-10, 0.002343124363041222, 0.006459009583672547, 0.9911978654532582, 0.00015737871753334717, 
5.54774071144548e-10, 0.0019832741853175982, 0.005522892598365005, 0.9924938326615491, 0.00013698948299421947, 
5.181910487166383e-10, 0.0016786887424692656, 0.00471965894777299, 0.9936016517915726, 0.0001190810158531211, 
4.883748449558599e-10, 0.0014208806391309608, 0.004031021809344724, 0.9945480970631552, 0.00010338230557912168, 
4.638986808743832e-10, 0.0012026659489699015, 0.00344108942024103, 0.9953562441668965, 8.964580477112776e-05, 
4.4368124503130266e-10, 0.0010179640318316037, 0.002936077816653997, 0.9960459577078399, 7.764672608019619e-05, 
4.268922701456883e-10, 0.0008616280943466353, 0.002504051987864742, 0.9966343194909029, 6.718200630362648e-05, 
4.1288651006027006e-10, 0.0007293017725201537, 0.0021346941414277323, 0.9971360036731725, 5.806905042066561e-05, 
4.0115690694590543e-10, 0.0006172977399322955, 0.0018190973796464156, 0.9975636044792714, 5.014434373189143e-05, 
3.9130091714414234e-10, 0.0005224949589257411, 0.0015495828683738215, 0.997927921781406, 4.326199993498044e-05, 
3.8299598507311043e-10, 0.0004422517116484136, 0.0013195384872805654, 0.9982382094180811, 3.72922963438307e-05, 
3.7598146008692807e-10, 0.0003743319875295956, 0.001123276948300522, 0.9985023906881951, 3.212023399834001e-05, 
3.700451070679739e-10, 0.0003168431759489685, 0.0009559114275679351, 0.9987272450264442, 2.764414962927801e-05, 
3.65012930594717e-10, 0.0002681833278811437, 0.0008132468546022899, 0.9989185694525097, 2.3774397900422185e-05, 
3.6074141591662803e-10, 0.00022699651694109324, 0.0006916851251420507, 0.9990813179971815, 2.0432115665855336e-05, 
3.5711155149206105e-10, 0.00019213505594865575, 0.0005881426394950471, 0.9992197219474508, 1.7548074823014608e-05, 
3.540241783338278e-10, 0.0001626275161618661, 0.0004999787084227429, 0.9993373934213974, 1.506162642860521e-05, 
3.513963373407526e-10, 0.00013765165802242732, 0.0004249335077214048, 0.9994374144828653, 1.2919735835143358e-05, 
3.491583745688571e-10, 0.00011651151911780047, 0.00036107439696008684, 0.9995224137347696, 1.1076106499597138e-05, 
3.472516275836928e-10, 9.861802090685342e-05, 0.00030674954480824386, 0.9995946320870392, 9.490388645109727e-06, 
3.4562656142155983e-10, 8.347255380772028e-05, 0.00026054792156721357, 0.9996559791790043, 8.127467984147013e-06, 
3.442412555692249e-10, 7.065308323976488e-05, 0.00022126482817278368, 0.9997080817443514, 6.956829123681387e-06, 
3.4306016739095684e-10, 5.9802389458923134e-05, 0.00018787222984373606, 0.9997523250376428, 5.951987978505833e-06, 
3.4205311511659524e-10, 5.061811348469977e-05, 0.00015949325185735623, 0.9997898882926113, 5.089987443605128e-06, 
3.411944366261701e-10, 4.284433174456181e-05, 0.00013538027502292684, 0.999821775052044, 4.350950661703993e-06, 
3.4046229007694263e-10, 3.626442465979073e-05, 0.00011489613983661683, 0.9998488390950466, 3.7176864209850877e-06, 
3.3983806980893397e-10, 3.0695040453055365e-05, 9.749803166265841e-05, 0.9998718065880517, 3.1753414939538573e-06, 
3.393059165744792e-10, 2.5980985976761386e-05, 8.272367526430378e-05, 0.9998912949994594, 2.7110950532035737e-06, 
3.388523054279938e-10, 2.199090219303913e-05, 7.017951628001399e-05, 0.9999078292426811, 2.3138906517671277e-06, 
3.384656979195582e-10, 1.8613603800868234e-05, 5.9530610467185524e-05, 0.999921855447273, 1.974201618566795e-06, 
3.381362478056589e-10, 1.5754981012564703e-05, 5.049197934926323e-05, 0.9999337527015085, 1.6838260812119797e-06, 
3.3785555150290785e-10, 1.3335377146375675e-05, 4.282122389484671e-05, 0.9999438430611102, 1.4357081804588116e-06, 
3.3761643609926333e-10, 1.1287368960735378e-05, 3.631221657747671e-05, 0.9999524000768534, 1.22378237710242e-06, 
3.3741277900144794e-10, 9.553887878296276e-06, 3.078971711357255e-05, 0.9999596560576031, 1.0428380690506207e-06, 
3.37239354311023e-10, 8.08662974688002e-06, 2.610477880804199e-05, 0.9999658082542131, 8.884020315314733e-07, 
3.370917018407518e-10, 6.844708824691924e-06, 2.213083116143616e-05, 0.9999710241229302, 7.56636465712218e-07, 
3.3696601534960236e-10, 5.79351848255052e-06, 1.8760340574947347e-05, 0.9999754458039842, 6.442506902304322e-07, 
3.368590471211025e-10, 4.903766876137414e-06, 1.5901964955392072e-05, 0.9999791939313178, 5.48424736674473e-07, 
3.3676802646036623e-10, 4.150660716883276e-06, 1.347813005963854e-05, 0.9999823708724638, 4.6674331476079156e-07, 
3.3669059005887923e-10, 3.513214396934269e-06, 1.1422965780745624e-05, 0.9999850634831392, 3.9713879699962344e-07, 
3.3662472248784667e-10, 2.9736652166859557e-06, 9.680549489608024e-06, 0.9999873454486764, 3.3784203736139835e-07, 
3.3656870534204283e-10, 2.516978419962317e-06, 8.203411201703858e-06, 0.9999892792738173, 2.8733998529540176e-07, 
3.365210737758207e-10, 2.1304282444445135e-06, 6.951261909468737e-06, 0.999990917973333, 2.4433918688507176e-07, 
3.364805793584263e-10, 1.803243313149462e-06, 5.8899120557734964e-06, 0.9999923065081592, 2.0773438041323257e-07, 
3.364461583328664e-10, 1.5263064856479904e-06, 4.9903519524443915e-06, 0.9999934830051236, 1.7658149557210864e-07, 
3.3641690449595907e-10, 1.291900805254983e-06, 4.227970082113383e-06, 0.9999944797927038, 1.5007445533528646e-07, 
3.3639204603069866e-10, 1.0934944629069218e-06, 3.581888759277275e-06, 0.9999953242803934, 1.2752525837740088e-07, 
3.363709257188166e-10, 9.255587856580933e-07, 3.0343996514851117e-06, 0.9999960397052, 1.0834688905704742e-07, 
3.363529840440016e-10, 7.834141779710808e-07, 2.570484246787672e-06, 0.9999966457652312, 9.203866244981012e-08, 
3.3633774476681394e-10, 6.630997228931542e-07, 2.177406561694433e-06, 0.9999971591573866, 7.817366471761948e-08, 
3.363248026127029e-10, 5.612628095024903e-07, 1.844367268922673e-06, 0.999997594033606, 6.638799512220664e-08, 
3.3631381276618483e-10, 4.7506571104826556e-07, 1.5622100326803917e-06, 0.9999979623879512, 5.637155604048983e-08, 
3.3630448190848633e-10, 4.0210651054663365e-07, 1.3231722110586125e-06, 0.999998274384983, 4.78601721416629e-08, 
3.3629656057383473e-10, 3.4035217039230493e-07, 1.1206732546325867e-06, 0.9999985386382872, 4.06288500857065e-08, 
3.362898366320399e-10, 2.880818809433101e-07, 9.491351270238907e-07, 0.9999987624467112, 3.4486016275918005e-08, 
3.362841297328125e-10, 2.438391094643385e-07, 8.038299221918247e-07, 0.9999989519946928, 2.9268592853678855e-08, 
3.3627928657108277e-10, 2.0639101325302214e-07, 6.807505762185591e-07, 0.9999991125221396, 2.4837791712694124e-08, 
3.362751768529883e-10, 1.7469408597950544e-07, 5.765011868306812e-07, 0.9999992484684601, 2.107552322961716e-08, 
3.362716898596625e-10, 1.4786507996063299e-07, 4.882039776866376e-07, 0.9999993635946787, 1.7881331007600886e-08, 
3.3626873152093404e-10, 1.251563941061623e-07, 4.134203900849192e-07, 0.9999994610869549, 1.5169776515323715e-08, 
3.3626622192383416e-10, 1.0593524171215419e-07, 3.500841637710623e-07, 0.9999995436443363, 1.2868208344638011e-08, 
3.362640931917797e-10, 8.966601760367763e-08, 2.9644459081343443e-07, 0.9999996135531348, 1.0914860139534143e-08, 
3.36262287679682e-10, 7.589537328011922e-08, 2.5101840050295e-07, 0.999999672749972, 9.257229271968838e-09, 
3.3626075643823396e-10, 6.423958417598736e-08, 2.125489660971593e-07, 0.9999997228751966, 7.850695234209112e-09, 
3.3625945790750267e-10, 5.437385702081793e-08, 1.7997172210300383e-07, 0.9999997653181687, 6.657342637378154e-09, 
3.3625835680580393e-10, 4.602327934344375e-08, 1.523848488984194e-07, 0.9999998012556204, 5.644958786131099e-09, 
3.3625742318485186e-10, 3.89551589249e-08, 1.29024424281628e-07, 0.9999998316841664, 4.786180156246951e-09, 
3.3625663162644333e-10, 3.2972539735724456e-08, 1.0924336279903069e-07, 0.9999998574478468, 4.057765836190193e-09, 
3.3625596055959883e-10, 2.790871367662241e-08, 9.249356666568393e-08, 0.9999998792614698, 3.439979192541661e-09, 
3.3625539168019875e-10, 2.3622575189931077e-08, 7.831079950353826e-08, 0.9999998977303763, 2.916061757931916e-09, 
3.362549094578087e-10, 1.999468929625289e-08, 6.6301868319516e-08, 0.9999999133671935, 2.4717856837241706e-09, 
3.3625450071666296e-10, 1.6923963490509747e-08, 5.613376211656934e-08, 0.9999999266060254, 2.0950731042271308e-09, 
3.3625415427970844e-10, 1.4324830758455469e-08, 4.7524448967172156e-08, 0.999999937814472, 1.7756724729439515e-09, 
3.3625386066626455e-10, 1.2124865217263611e-08, 4.0235078718028335e-08, 0.9999999473038078, 1.5048833958322684e-09, 
3.3625361183525643e-10, 1.026276393905112e-08, 3.406337695929222e-08, 0.9999999553376104, 1.2753227374961684e-09, 
3.362534009671849e-10, 8.686638720035468e-09, 2.88380485198853e-08, 0.9999999621390638, 1.0807258443633564e-09, 
3.362532222790113e-10, 7.352570194781808e-09, 2.4414036425038722e-08, 0.9999999678971451, 9.157776405923759e-10, 
3.3625307086700665e-10, 6.223384005349747e-09, 2.066850572261034e-08, 0.9999999727718623, 7.759691303383414e-10, 
3.3625294257336097e-10, 5.267614922798406e-09, 1.7497441487711793e-08, 0.9999999768986958, 6.5747550349262e-10, 
3.362528338729679e-10, 4.458630055876874e-09, 1.4812767191375062e-08, 0.9999999803923544, 5.570526077403533e-10, 
3.3625274177734805e-10, 3.773886714756107e-09, 1.2539903927421834e-08, 0.9999999833499611, 4.719490320027642e-10, 
3.362526637531242e-10, 3.1943042498752816e-09, 1.0615703122036593e-08, 0.9999999858537441, 3.9983145725229827e-10, 
3.3625259765284927e-10, 2.7037323619382983e-09, 8.986695633518532e-09, 0.9999999879733232, 3.387212807507064e-10, 
3.3625254165632433e-10, 2.288501067303773e-09, 7.607608865976209e-09, 0.9999999897676413, 2.8694081789558963e-10, 
3.3625249422081866e-10, 1.9370397783722343e-09, 6.440110908493808e-09, 0.9999999912866004, 2.4306763970614967e-10, 
3.3625245403884563e-10, 1.6395548844917735e-09, 5.451746972601578e-09, 0.9999999925724489, 2.058958200597936e-10, 
3.3625242000234865e-10, 1.3877568490437774e-09, 4.615038707139902e-09, 0.9999999936609544, 1.7440305068231384e-10, 
3.3625239117233144e-10, 1.1746292181588928e-09, 3.906721466213785e-09, 0.9999999945823989, 1.4772273835528017e-10, 
3.3625236675310347e-10, 9.942331043977582e-10, 3.3070984162092143e-09, 0.9999999953624186, 1.2512033189779495e-10, 
3.3625234607043856e-10, 8.415416972553472e-10, 2.7994935963621967e-09, 0.9999999960227146, 1.0597323967214802e-10, 
3.362523285530614e-10, 7.123001890572972e-10, 2.3697887828147743e-09, 0.9999999965816612, 8.975379461079888e-11, 
3.3625231371694606e-10, 6.029072130267519e-10, 2.0060313236482078e-09, 0.9999999970548118, 7.601480558641413e-11, 
3.362523011520096e-10, 5.103144897455999e-10, 1.6981020757988127e-09, 0.9999999974553339, 6.437730349620436e-11, 
3.3625229051082877e-10, 4.319418856182131e-10, 1.4374342380768852e-09, 0.9999999977943744, 5.4520149537598534e-11, 
3.362522814990767e-10, 3.656055164075079e-10, 1.2167752835324153e-09, 0.9999999980813695, 4.617122337420909e-11, 
3.3625227386741774e-10, 3.094568924193129e-10, 1.0299853879713805e-09, 0.999999998324308, 3.909995155752746e-11, 
3.362522674046379e-10, 2.619314095910508e-10, 8.718667624318439e-10, 0.999999998529952, 3.3110972811926357e-11, 
3.362522619318227e-10, 2.2170475116812702e-10, 7.380191537704592e-10, 0.9999999987040263, 2.8038767571133707e-11, 
3.3625225729742096e-10, 1.876559850831358e-10, 6.247175028222274e-10, 0.9999999988513768, 2.3743105292723392e-11, 
3.3625225337306505e-10, 1.5883632873145787e-10, 5.288083639083654e-10, 0.9999999989761055, 2.010518527047448e-11, 
3.362522500500286e-10, 1.34442710761116e-10, 4.476222097494125e-10, 0.9999999990816846, 1.70243655056689e-11, 
3.3625224723622067e-10, 1.137953931654918e-10, 3.788991864730248e-10, 0.9999999991710556, 1.4415390191850386e-11, 
3.3625224485364696e-10, 9.63190301094824e-11, 3.207262565711453e-10, 0.9999999992467048, 1.2206039942065906e-11, 
3.362522428362492e-10, 8.15266356856463e-11, 2.714839836810505e-10, 0.9999999993107395, 1.0335140407704471e-11, 
3.3625224112808395e-10, 6.900601385538986e-11, 2.2980148068345263e-10, 0.9999999993649421, 8.750874713586525e-12, 
3.362522396817722e-10, 5.840827244003017e-11, 1.94518269235845e-10, 0.9999999994108228, 7.409353428262834e-12, 
3.362522384571902e-10, 4.943810109946073e-11, 1.646519907655879e-10, 0.999999999449659, 6.273402825291189e-12, 
3.36252237420359e-10, 4.184554239036882e-11, 1.3937107145013642e-10, 0.9999999994825326, 5.3115381606462e-12, 
3.3625223654250457e-10, 3.5419026601224265e-11, 1.1797158131354013e-10, 0.9999999995103577, 4.497093754835109e-12, 
3.3625223579926035e-10, 2.997947627690387e-11, 9.985764408233646e-11, 0.999999999533911, 3.8074859628585215e-12, 
3.3625223516999247e-10, 2.5375316153151047e-11, 8.452485310007621e-11, 0.999999999553848, 3.223588757307007e-12, 
3.3625223463722876e-10, 2.1478249450681767e-11, 7.154623213350855e-11, 0.9999999995707235, 2.7292047384837363e-12, 
3.3625223418617477e-10, 1.8179682833666393e-11, 6.056035063171047e-11, 0.9999999995850073, 2.3106170044175245e-12, 
3.3625223380430244e-10, 1.5387700412613818e-11, 5.126126288425512e-11, 0.9999999995970983, 1.956209534220971e-12, 
3.362522334810041e-10, 1.3024502471026909e-11, 4.33899912275154e-11, 0.9999999996073328, 1.6561456209198259e-12, 
3.3625223320729755e-10, 1.1024237544913677e-11, 3.6727316376566627e-11, 0.9999999996159954, 1.4020954859457507e-12, 
3.362522329755787e-10, 9.331167445175717e-12, 3.108767430551106e-11, 0.9999999996233281, 1.1870055604868729e-12, 
3.3625223277940736e-10, 7.898114090481718e-12, 2.6313989870488215e-11, 0.9999999996295347, 1.004903065772678e-12, 
3.3625223261333204e-10, 6.685144870997529e-12, 2.2273303421642504e-11, 0.9999999996347883, 8.507304964738045e-13, 
3.3625223247273723e-10, 5.658459910102883e-12, 1.8853068706458987e-11, 0.9999999996392351, 7.202054353106294e-13, 
3.3625223235371365e-10, 4.789450217193385e-12, 1.5958019039813763e-11, 0.9999999996429993, 6.097018252387381e-13, 
3.3625223225295245e-10, 4.0539004866155765e-12, 1.3507514524609129e-11, 0.9999999996461852, 5.161494173419328e-13, 
3.362522321676524e-10, 3.4313143284057416e-12, 1.1433296490227752e-11, 0.999999999648882, 4.369486140352664e-13, 
3.362522320954416e-10, 2.9043431281148745e-12, 9.677586646178087e-12, 0.9999999996511649, 3.698983521174114e-13, 
3.3625223203431176e-10, 2.458302620668196e-12, 8.191478040123061e-12, 0.9999999996530969, 3.131350302773969e-13, 
3.362522319825629e-10, 2.0807637073949545e-12, 6.933573029612744e-12, 0.9999999996547325, 2.6508079074478697e-13, 
3.3625223193875524e-10, 1.7612061141798573e-12, 5.868830351028329e-12, 0.999999999656117, 2.2439972325924818e-13, 
3.36252231901671e-10, 1.4907252397808166e-12, 4.967589188616477e-12, 0.9999999996572889, 1.8996077853307353e-13, 
3.362522318702784e-10, 1.2617840255231136e-12, 4.204743072870313e-12, 0.9999999996582802, 1.6080636391404672e-13, 
3.362522318437033e-10, 1.0680029321189041e-12, 3.5590406078977146e-12, 0.9999999996591198, 1.361257511334477e-13, 
3.3625223182120734e-10, 9.039821712314121e-13, 3.012493557797713e-12, 0.9999999996598306, 1.1523255917404796e-13, 
3.3625223180216424e-10, 7.651512381946143e-13, 2.5498758106402137e-12, 0.9999999996604316, 9.754568808467919e-14, 
3.3625223178604405e-10, 6.476415530569703e-13, 2.15829926854779e-12, 0.9999999996609407, 8.257317511091189e-14, 
3.362522317723983e-10, 5.481786610404731e-13, 1.8268548539926247e-12, 0.9999999996613717, 6.989852544070851e-14, 
3.362522317608475e-10, 4.639909885373547e-13, 1.546308635331217e-12, 0.9999999996617362, 5.91691384127221e-14, 
3.362522317510695e-10, 3.927326120934468e-13, 1.3088446092472447e-12, 0.9999999996620451, 5.008650809543043e-14, 
3.362522317427923e-10, 3.3241788830480135e-13, 1.107846976862284e-12, 0.9999999996623062, 4.239792632089044e-14, 
3.3625223173578574e-10, 2.8136612306323614e-13, 9.377158499566215e-13, 0.9999999996625272, 3.5889457906076935e-14, 
3.3625223172985455e-10, 2.3815473833703146e-13, 7.937112546219761e-13, 0.9999999996627147, 3.037999306855239e-14, 
3.36252231724834e-10, 2.0157963146021818e-13, 6.718210876528412e-13, 0.9999999996628745, 2.5716211916749496e-14, 
3.362522317205842e-10, 1.706216223260669e-13, 5.686493480055984e-13, 0.9999999996630089, 2.1768321194587828e-14, 
3.3625223171698687e-10, 1.4441805352228786e-13, 4.813215302810452e-13, 0.9999999996631211, 1.8426444885355182e-14, 
3.3625223171394187e-10, 1.222387520342513e-13, 4.0740454513374706e-13, 0.9999999996632157, 1.5597568423649697e-14, 
3.3625223171136416e-10, 1.0346568267939351e-13, 3.4483893608578375e-13, 0.9999999996632993, 1.320295162891837e-14, 
3.3625223170918237e-10, 8.757572630754706e-14, 2.918815046858839e-13, 0.999999999663366, 1.1175938485166623e-14, 
3.3625223170733554e-10, 7.412610287480354e-14, 2.470567458421645e-13, 0.9999999996634278, 9.460102909093086e-15, 
3.362522317057723e-10, 6.274203319897985e-14, 2.0911574053853048e-13, 0.9999999996634722, 8.007678978447632e-15, 
3.36252231704449e-10, 5.3106295586527144e-14, 1.7700136085344146e-13, 0.9999999996635166, 6.778231992331397e-15, 
3.3625223170332883e-10, 4.4950386322078844e-14, 1.4981881801865179e-13, 0.9999999996635577, 5.737533424413585e-15, 
3.3625223170238067e-10, 3.804703770411282e-14, 1.2681073308032828e-13, 0.9999999996635799, 4.8566084940712726e-15, 
3.3625223170157815e-10, 3.220388513877317e-14, 1.0733603569986403e-13, 0.9999999996636021, 4.110929876321235e-15, 
3.3625223170089873e-10, 2.7258106822866732e-14, 9.085210326470925e-14, 0.9999999996636243, 3.4797351321166374e-15, 
3.362522317003237e-10, 2.307188664863793e-14, 7.689964274018096e-14, 0.9999999996636465, 2.945448878768782e-15, 
3.36252231699837e-10, 1.9528573902334808e-14, 6.508989409509882e-14, 0.9999999996636687, 2.4931936313191067e-15, 
3.3625223169942495e-10, 1.6529432745015797e-14, 5.5093798804994764e-14, 0.9999999996636909, 2.1103757104111265e-15, 
3.3625223169907634e-10, 1.3990890898570172e-14, 4.663283167767345e-14, 0.9999999996637006, 1.786334699005417e-15, 
3.362522316987811e-10, 1.1842210870477432e-14, 3.9471240581637923e-14, 0.9999999996637006, 1.5120466970718012e-15, 
3.362522316985313e-10, 1.00235188250445e-14, 3.3409477878877217e-14, 0.9999999996637006, 1.2798731192356183e-15, 
3.362522316983198e-10, 8.484136174822656e-15, 2.827864056214769e-14, 0.9999999996637006, 1.0833480467866612e-15, 
3.3625223169814085e-10, 7.181167401325817e-15, 2.39357641978379e-14, 0.9999999996637006, 9.16998217652461e-16, 
3.362522316979889e-10, 6.078304754105055e-15, 2.025983956150939e-14, 0.9999999996637006, 7.761906456741623e-16, 
3.3625223169786075e-10, 5.1448165206368645e-15, 1.7148440986794334e-14, 0.9999999996637006, 6.570036290204964e-16, 
3.3625223169775223e-10, 4.354690674757315e-15, 1.4514872490317003e-14, 0.9999999996637006, 5.561175581854208e-16, 
3.362522316976607e-10, 3.685910041060532e-15, 1.2285752160404223e-14, 0.9999999996637006, 4.707224848168636e-16, 
3.36252231697583e-10, 3.1198387774249052e-15, 1.0398967507381035e-14, 0.9999999996637006, 3.984398789247399e-16, 
3.3625223169751716e-10, 2.6407030797552547e-15, 8.80194480833444e-15, 0.9999999996637006, 3.372563967766969e-16, 
3.3625223169746164e-10, 2.235151638569028e-15, 7.450184227277908e-15, 0.9999999996637006, 2.8546781598289626e-16, 
3.3625223169741433e-10, 1.8918835993720735e-15, 6.306019896351701e-15, 0.9999999996637006, 2.416315771872957e-16, 
3.3625223169737297e-10, 1.6013336597897067e-15, 5.337570411330295e-15, 0.9999999996637006, 2.0452661128815711e-16, 
3.362522316973411e-10, 1.3554055285577547e-15, 4.517850499878183e-15, 0.9999999996637006, 1.7311933386452748e-16, 
3.3625223169731006e-10, 1.1472463191006522e-15, 3.824019111494967e-15, 0.9999999996637006, 1.4653486012638476e-16, 
3.3625223169728834e-10, 9.710555910827915e-16, 3.2367429790167698e-15, 0.9999999996637006, 1.2403263900749136e-16, 
3.3625223169726766e-10, 8.21923718798868e-16, 2.739657918784493e-15, 0.9999999996637006, 1.0498582802299101e-16, 
3.36252231697247e-10, 6.956950824732103e-16, 2.318912859780763e-15, 0.9999999996637006, 8.886383463980354e-17, 
3.3625223169723494e-10, 5.888522702384959e-16, 1.96278389704225e-15, 0.9999999996637006, 7.521753805340335e-17, 
3.362522316972246e-10, 4.984180640352618e-16, 1.6613476156909251e-15, 0.9999999996637006, 6.366677988180598e-17, 
3.3625223169721426e-10, 4.2187247822976895e-16, 1.4062045833518235e-15, 0.9999999996637006, 5.388977545246505e-17, 
3.362522316972039e-10, 3.570825391978394e-16, 1.1902453065459347e-15, 0.9999999996637006, 4.561415082777665e-17, 
3.362522316971936e-10, 3.0224284915445114e-16, 1.0074521298087778e-15, 0.9999999996637006, 3.8609355977803346e-17, 
3.3625223169718324e-10, 2.558252780162246e-16, 8.527315577521998e-16, 0.9999999996637006, 3.2680242824197736e-17, 
3.3625223169717543e-10, 2.1653638144025111e-16, 7.217723279606934e-16, 0.9999999996637006, 2.7661629313381118e-17, 
3.3625223169717543e-10, 1.8328135847575006e-16, 6.109252801116079e-16, 0.9999999996637006, 2.3413698132470683e-17, 
3.3625223169717543e-10, 1.5513354449397154e-16, 5.171016740213205e-16, 0.9999999996637006, 1.9818101922375652e-17, 
3.3625223169717543e-10, 1.31308589304531e-16, 4.376871233677339e-16, 0.9999999996637006, 1.6774666515766232e-17, 
3.3625223169717543e-10, 1.111426009209759e-16, 3.7046874694559867e-16, 0.9999999996637006, 1.4198600380861944e-17, 
3.3625223169717543e-10, 9.407364594279256e-17, 3.1357350759806477e-16, 0.9999999996637006, 1.201813254873925e-17, 
3.3625223169717543e-10, 7.962609105453733e-17, 2.654160206969219e-16, 0.9999999996637006, 1.0172513234542122e-17, 
3.3625223169717543e-10, 6.739734931164855e-17, 2.24654377900571e-16, 0.9999999996637006, 8.61032146377569e-18, 
3.3625223169717543e-10, 5.70466618928469e-17, 1.9015275525473257e-16, 0.9999999996637006, 7.288032564978125e-18, 
3.3625223169717543e-10, 4.828560271813134e-17, 1.609497637388325e-16, 0.9999999996637006, 6.168805627537493e-18, 
3.3625223169717543e-10, 4.08700413397188e-17, 1.3623166036814328e-16, 0.9999999996637006, 5.221457149755692e-18, 
3.3625223169717543e-10, 3.459334014864387e-17, 1.1530967339630867e-16, 0.9999999996637006, 4.41959228803188e-18, 
3.3625223169717543e-10, 2.9280596334434693e-17, 9.760080979847413e-17, 0.9999999996637006, 3.7408695076380765e-18, 
3.3625223169717543e-10, 2.478376814775e-17, 8.261161024599196e-17, 0.9999999996637006, 3.166378151213991e-18, 
3.3625223169717543e-10, 2.0977549657319018e-17, 6.992439891317285e-17, 0.9999999996637006, 2.680111586283638e-18, 
3.3625223169717543e-10, 1.775587904962289e-17, 5.918564497319234e-17, 0.9999999996637006, 2.268521255374085e-18, 
3.3625223169717543e-10, 1.502898317367973e-17, 5.009611148103953e-17, 0.9999999996637006, 1.920139205834108e-18, 
3.3625223169717543e-10, 1.2720875975981277e-17, 4.240251714580135e-17, 0.9999999996637006, 1.6252585839642268e-18, 
3.3625223169717543e-10, 1.0767241118461944e-17, 3.5890478650359684e-17, 0.9999999996637006, 1.37566319270149e-18, 
3.3625223169717543e-10, 9.11363977779587e-18, 3.0378536858347416e-17, 0.9999999996637006, 1.1643985788191049e-18, 
3.3625223169717543e-10, 7.713993685626408e-18, 2.571310045020108e-17, 0.9999999996637006, 9.855782724664967e-19, 
3.3625223169717543e-10, 6.529301139032046e-18, 2.1764166093900457e-17, 0.9999999996637006, 8.342197811090729e-19, 
3.3625223169717543e-10, 5.526550202342762e-18, 1.8421695893813313e-17, 0.9999999996637006, 7.061057688022418e-19, 
3.3625223169717543e-10, 4.677798816236808e-18, 1.5592551175877003e-17, 0.9999999996637006, 5.97666553337073e-19, 
3.3625223169717543e-10, 3.959396180986928e-18, 1.3197897169481956e-17, 0.9999999996637006, 5.058806476669621e-19, 
3.3625223169717543e-10, 3.35132371738615e-18, 1.1171006267819013e-17, 0.9999999996637006, 4.281905747071076e-19, 
3.3625223169717543e-10, 2.8366372409634172e-18, 9.455398654741562e-18, 0.9999999996637006, 3.6243161009313435e-19, 
3.3625223169717543e-10, 2.4009948054487045e-18, 8.003268486834357e-18, 0.9999999996637006, 3.0677146764377145e-19, 
3.3625223169717543e-10, 2.032257058655194e-18, 6.774151776321997e-18, 0.9999999996637006, 2.5965924712716335e-19, 
3.3625223169717543e-10, 1.7201489745340473e-18, 5.733798855403795e-18, 0.9999999996637006, 2.1978222197309686e-19, 
3.3625223169717543e-10, 1.455973535428999e-18, 4.85322000323568e-18, 0.9999999996637006, 1.8602926299207124e-19, 
3.3625223169717543e-10, 1.2323693861713264e-18, 4.107877641937384e-18, 0.9999999996637006, 1.574598790410662e-19, 
3.3625223169717543e-10, 1.043105706948784e-18, 3.477002592136773e-18, 0.9999999996637006, 1.3327801206515408e-19, 
3.3625223169717543e-10, 8.829085889982682e-19, 2.9430153354745254e-18, 0.9999999996637006, 1.128098564031003e-19, 
3.3625223169717543e-10, 7.473140750108386e-19, 2.491036157507206e-18, 0.9999999996637006, 9.548508436373242e-20, 
3.3625223169717543e-10, 6.325437691607195e-19, 2.1084705210975142e-18, 0.9999999996637006, 8.082095498152332e-20, 
3.3625223169717543e-10, 5.353995505815515e-19, 1.784658116678366e-18, 0.9999999996637006, 6.84088631882906e-20, 
3.3625223169717543e-10, 4.531744564384562e-19, 1.5105758101349323e-18, 0.9999999996637006, 5.790295463098567e-20, 
3.3625223169717543e-10, 3.8357725131675995e-19, 1.278586210908114e-18, 0.9999999996637006, 4.9010488917438096e-20, 
3.3625223169717543e-10, 3.246685810229663e-19, 1.0822248541331516e-18, 0.9999999996637006, 4.1483682785956815e-20, 
3.3625223169717543e-10, 2.7480693169789444e-19, 9.160200666100226e-19, 0.9999999996637006, 3.5112805928019975e-20, 
3.3625223169717543e-10, 2.32602888370872e-19, 7.753404971403286e-19, 0.9999999996637006, 2.9720337094644e-20, 
3.3625223169717543e-10, 1.9688041835113948e-19, 6.5626606263581555e-19, 0.9999999996637006, 2.5156017658758794e-20, 
3.3625223169717543e-10, 1.66644100602558e-19, 5.554787138870971e-19, 0.9999999996637006, 2.1292664811060162e-20, 
3.3625223169717543e-10, 1.4105138793492286e-19, 4.701699771585669e-19, 0.9999999996637006, 1.80226277320177e-20, 
3.3625223169717543e-10, 1.19389129086658e-19, 3.9796269523645913e-19, 0.9999999996637006, 1.5254787997656022e-20, 
3.3625223169717543e-10, 1.0105369647725438e-19, 3.3684478722698767e-19, 0.9999999996637006, 1.2912020640525471e-20, 
3.3625223169717543e-10, 8.553416588126018e-20, 2.8511318130609224e-19, 0.9999999996637006, 1.0929045122411375e-20, 
3.3625223169717543e-10, 7.239807931865103e-20, 2.4132635809346217e-19, 0.9999999996637006, 9.25060633940072e-21, 
3.3625223169717543e-10, 6.127939443878062e-20, 2.0426418226023492e-19, 0.9999999996637006, 7.82993497561921e-21, 
3.3625223169717543e-10, 5.186828460263267e-20, 1.7289390306789975e-19, 0.9999999996637006, 6.627444305474997e-21, 
3.3625223169717543e-10, 4.390250543855258e-20, 1.4634137643451326e-19, 0.9999999996637006, 5.609627132461818e-21, 
3.3625223169717543e-10, 3.716008729705231e-20, 1.2386670662337334e-19, 0.9999999996637006, 4.748122129041711e-21, 
3.3625223169717543e-10, 3.1453149976993835e-20, 1.0484362880309887e-19, 0.9999999996637006, 4.018923562218957e-21, 
3.3625223169717543e-10, 2.6622667368000664e-20, 8.87420579683464e-20, 0.9999999996637006, 3.401712384643555e-21, 
3.3625223169717543e-10, 2.253403612374737e-20, 7.511331794182037e-20, 0.9999999996637006, 2.8792900527610367e-21, 
3.3625223169717543e-10, 1.9073324885420582e-20, 6.357763885939363e-20, 0.9999999996637006, 2.43709929587722e-21, 
3.3625223169717543e-10, 1.614409953845028e-20, 5.3813574752022125e-20, 0.9999999996637006, 2.0628184827843677e-21, 
3.3625223169717543e-10, 1.3664736037009425e-20, 4.5549046342164124e-20, 0.9999999996637006, 1.7460182833041306e-21, 
3.3625223169717543e-10, 1.156614591705322e-20, 3.855375945946098e-20, 0.9999999996637006, 1.4778710578811969e-21, 
3.3625223169717543e-10, 9.789851118400864e-21, 3.263278781245938e-20, 0.9999999996637006, 1.2509048775735896e-21, 
3.3625223169717543e-10, 8.286354470000866e-21, 2.7621141298270456e-20, 0.9999999996637006, 1.0587953203678662e-21, 
3.3625223169717543e-10, 7.013760431294534e-21, 2.3379168494367282e-20, 0.9999999996637006, 8.961892423500673e-22, 
3.3625223169717543e-10, 5.936607656079235e-21, 1.978866522145653e-20, 0.9999999996637006, 7.585556132151821e-22, 
3.3625223169717543e-10, 5.024880847792827e-21, 1.6749580741247244e-20, 0.9999999996637006, 6.420592597240221e-22, 
3.3625223169717543e-10, 4.2531743711679394e-21, 1.4177229806219628e-20, 0.9999999996637006, 5.434539990291491e-22, 
3.3625223169717543e-10, 3.599984313957572e-21, 1.1999932874222358e-20, 0.9999999996637006, 4.599921840767956e-22, 
3.3625223169717543e-10, 3.047109271746573e-21, 1.0157018731677038e-20, 0.9999999996637006, 3.893481406035548e-22, 
3.3625223169717543e-10, 2.579143158475849e-21, 8.597133867799591e-21, 0.9999999996637006, 3.2955336232758673e-22, 
3.3625223169717543e-10, 2.1830459096401206e-21, 7.276811489966947e-21, 0.9999999996637006, 2.789416585696775e-22, 
3.3625223169717543e-10, 1.8477801156306575e-21, 6.15926030534321e-21, 0.9999999996637006, 2.361027258588455e-22, 
3.3625223169717543e-10, 1.5640034598644494e-21, 5.213339317739807e-21, 0.9999999996637006, 1.998428498075657e-22, 
3.3625223169717543e-10, 1.3238083913643173e-21, 4.412690072061205e-21, 0.9999999996637006, 1.6915164222357886e-22, 
3.3625223169717543e-10, 1.120501777661336e-21, 3.7350021660186795e-21, 0.9999999996637006, 1.4317388659473911e-22, 
3.3625223169717543e-10, 9.484183979588485e-22, 3.161391562332418e-21, 0.9999999996637006, 1.21185707426357e-22, 
3.3625223169717543e-10, 8.027630794698334e-22, 2.675874377867376e-21, 0.9999999996637006, 1.0257439939323507e-22, 
3.3625223169717543e-10, 6.794770779930157e-22, 2.264921486646174e-21, 0.9999999996637006, 8.682135424828031e-23, 
3.3625223169717543e-10, 5.751249793685614e-22, 1.917081525589391e-21, 0.9999999996637006, 7.348760974775261e-23, 
3.3625223169717543e-10, 4.867989702768026e-22, 1.6226617979000815e-21, 0.9999999996637006, 6.220161791511013e-23, 
3.3625223169717543e-10, 4.1203781084718924e-22, 1.373458182347672e-21, 0.9999999996637006, 5.264889180683328e-23, 
3.3625223169717543e-10, 3.4875825121653e-22, 1.1625265222734575e-21, 0.9999999996637006, 4.4563242287741817e-23, 
3.3625223169717543e-10, 2.9519698093125336e-22, 9.83989123987321e-22, 0.9999999996637006, 3.7719360628701823e-23, 
3.3625223169717543e-10, 2.498614935903692e-22, 8.328709725612845e-22, 0.9999999996637006, 3.192654024079416e-23, 
3.3625223169717543e-10, 2.1148849755258677e-22, 7.049611011115552e-22, 0.9999999996637006, 2.7023362601942294e-23, 
3.3625223169717543e-10, 1.7900871380517012e-22, 5.966952505719711e-22, 0.9999999996637006, 2.287319929914687e-23, 
3.3625223169717543e-10, 1.5151708007294205e-22, 5.050565502291351e-22, 0.9999999996637006, 1.936040485049197e-23, 
3.3625223169717543e-10, 1.2824753089292006e-22, 4.274914514447055e-22, 0.9999999996637006, 1.6387094219642324e-23, 
3.3625223169717543e-10, 1.0855165089119058e-22, 3.618385720260994e-22, 0.9999999996637006, 1.3870415228000313e-23, 
3.3625223169717543e-10, 9.188060642696916e-23, 3.0626846846685077e-22, 0.9999999996637006, 1.1740239860016362e-23, 
3.3625223169717543e-10, 7.7769852121823e-23, 2.5923265778709613e-22, 0.9999999996637006, 9.937210129614592e-24, 
3.3625223169717543e-10, 6.58261861153211e-23, 2.1942046844822633e-22, 0.9999999996637006, 8.411084055554825e-24, 
3.3625223169717543e-10, 5.571679333659189e-23, 1.857225179758701e-22, 0.9999999996637006, 7.119335656105015e-24, 
3.3625223169717543e-10, 4.715997147812809e-23, 1.5719979958109557e-22, 0.9999999996637006, 6.025969951664502e-24, 
3.3625223169717543e-10, 3.9917281247361564e-23, 1.3305751636660356e-22, 0.9999999996637006, 5.1005199551939205e-24, 
3.3625223169717543e-10, 3.378690215959859e-23, 1.1262293399794137e-22, 0.9999999996637006, 4.317197701416482e-24, 
3.3625223169717543e-10, 2.8598008728807004e-23, 9.532663469583305e-23, 0.9999999996637006, 3.654175658063231e-24, 
3.3625223169717543e-10, 2.4206010346544334e-23, 8.068665018484073e-23, 0.9999999996637006, 3.0929784955477303e-24, 
3.3625223169717543e-10, 2.0488522206331112e-23, 6.829503145679659e-23, 0.9999999996637006, 2.6179682666083693e-24, 
3.3625223169717543e-10, 1.734195500165324e-23, 5.78064811102261e-23, 0.9999999996637006, 2.2159086503399073e-24, 
3.3625223169717543e-10, 1.467862836815211e-23, 4.8928731501461305e-23, 0.9999999996637006, 1.8755961181778467e-24, 
3.3625223169717543e-10, 1.242432763490511e-23, 4.141440059086238e-23, 0.9999999996637006, 1.587547744191261e-24, 
3.3625223169717543e-10, 1.0516235802684847e-23, 3.5054098544108984e-23, 0.9999999996637006, 1.3437369604438563e-24, 
3.3625223169717543e-10, 8.901183122938105e-24, 2.967059300130411e-23, 0.9999999996637006, 1.1373698941817187e-24, 
3.3625223169717543e-10, 7.534165501295655e-24, 2.5113870426821423e-23, 0.9999999996637006, 9.626960544271503e-25, 
3.3625223169717543e-10, 6.377090440329825e-24, 2.125695592246606e-23, 0.9999999996637006, 8.148480927115131e-25, 
3.3625223169717543e-10, 5.3977155767486776e-24, 1.7992375021396342e-23, 0.9999999996637006, 6.897061728374027e-25, 
3.3625223169717543e-10, 4.568750234937629e-24, 1.522915886929936e-23, 0.9999999996637006, 5.837831702967015e-25, 
3.3625223169717543e-10, 3.867094961275433e-24, 1.2890309341010816e-23, 0.9999999996637006, 4.941275023944149e-25, 
3.3625223169717543e-10, 3.2731978485416148e-24, 1.0910653457052598e-23, 0.9999999996637006, 4.182408814121688e-25, 
3.3625223169717543e-10, 2.7705097141353562e-24, 9.235027312555734e-24, 0.9999999996637006, 3.54008698979493e-25, 
3.3625223169717543e-10, 2.345022950427002e-24, 7.816738913029191e-24, 0.9999999996637006, 2.9964110179293285e-25, 
3.3625223169717543e-10, 1.9848811971213715e-24, 6.616267083284053e-24, 0.9999999996637006, 2.536231167402748e-25, 
3.3625223169717543e-10, 1.6800489589957272e-24, 5.600160194093948e-24, 0.9999999996637006, 2.1467243565131617e-25, 
3.3625223169717543e-10, 1.4220319627774868e-24, 4.7401040191730274e-24, 0.9999999996637006, 1.8170368333424758e-25, 
3.3625223169717543e-10, 1.2036404607932248e-24, 4.0121327479359285e-24, 0.9999999996637006, 1.5379817321529973e-25, 
3.3625223169717543e-10, 1.0187888857496964e-24, 3.3959611685963525e-24, 0.9999999996637006, 1.3017830781297855e-25, 
3.3625223169717543e-10, 8.623262739465342e-25, 2.874419412620734e-24, 0.9999999996637006, 1.1018591070788356e-25, 
3.3625223169717543e-10, 7.298927315950392e-25, 2.4329745094661133e-24, 0.9999999996637006, 9.326388622142177e-26, 
3.3625223169717543e-10, 6.1779794461916065e-25, 2.0593254195343523e-24, 0.9999999996637006, 7.894069574434104e-26, 
3.3625223169717543e-10, 5.229183465652344e-25, 1.743060260774499e-24, 0.9999999996637006, 6.681721814283386e-26, 
3.3625223169717543e-10, 4.426100791628275e-25, 1.47536617741589e-24, 0.9999999996637006, 5.655562810302341e-26, 
3.3625223169717543e-10, 3.746353201476083e-25, 1.248783766208461e-24, 0.9999999996637006, 4.786998250514504e-26, 
3.3625223169717543e-10, 3.1709992544130114e-25, 1.0569992171593073e-24, 0.9999999996637006, 4.051825251352786e-26, 
3.3625223169717543e-10, 2.6840064806292346e-25, 8.946683766841728e-25, 0.9999999996637006, 3.429557935382462e-26, 
3.3625223169717543e-10, 2.271804630049735e-25, 7.572678306232119e-25, 0.9999999996637006, 2.902856584738502e-26, 
3.3625223169717543e-10, 1.9229075318422723e-25, 6.409688574897147e-25, 0.9999999996637006, 2.4570444634384346e-26, 
3.3625223169717543e-10, 1.6275930276340645e-25, 5.42530739608666e-25, 0.9999999996637006, 2.0796988446546017e-26, 
3.3625223169717543e-10, 1.3776320596472205e-25, 4.5921045921729195e-25, 0.9999999996637006, 1.7603048467759647e-26, 
3.3625223169717543e-10, 1.1660593646844662e-25, 3.8868626317330277e-25, 0.9999999996637006, 1.4899624322779713e-26, 
3.3625223169717543e-10, 9.869793842606486e-26, 3.289929663708014e-25, 0.9999999996637006, 1.261138404818993e-26, 
3.3625223169717543e-10, 8.354019824875108e-26, 2.7846719106762925e-25, 0.9999999996637006, 1.0674564938730184e-26, 
3.3625223169717543e-10, 7.071033939243435e-26, 2.3570101619605174e-25, 0.9999999996637006, 9.035196775308024e-27, 
3.3625223169717543e-10, 5.985085266502831e-26, 1.9950274507624918e-25, 0.9999999996637006, 7.647597924296084e-27, 
3.3625223169717543e-10, 5.0659134088588415e-26, 1.688636983092152e-25, 0.9999999996637006, 6.473102401371522e-27, 
3.3625223169717543e-10, 4.2879052717408214e-26, 1.4293010651970205e-25, 0.9999999996637006, 5.478982429063327e-27, 
3.3625223169717543e-10, 3.629381344590422e-26, 1.2097931972921557e-25, 0.9999999996637006, 4.637536464675478e-27, 
3.3625223169717543e-10, 3.071991592555213e-26, 1.0239967042369267e-25, 0.9999999996637006, 3.9253172861456225e-27, 
3.3625223169717543e-10, 2.6002041253658604e-26, 8.667342919215781e-26, 0.9999999996637006, 3.322478626164229e-27, 
3.3625223169717543e-10, 2.2008723949488246e-26, 7.336237798838183e-26, 0.9999999996637006, 2.8122221482696425e-27, 
3.3625223169717543e-10, 1.8628688615614847e-26, 6.209559900869174e-26, 0.9999999996637006, 2.3803293547004232e-27, 
3.3625223169717543e-10, 1.5767749204088133e-26, 5.255913891809985e-26, 0.9999999996637006, 2.0147653824409865e-27, 
3.3625223169717543e-10, 1.3346184484216645e-26, 4.448726041426469e-26, 0.9999999996637006, 1.705343647087703e-27, 
3.3625223169717543e-10, 1.1296516578318196e-26, 3.765503735059522e-26, 0.9999999996637006, 1.4434419897097003e-27, 
3.3625223169717543e-10, 9.561630663440368e-27, 3.1872087078629263e-26, 0.9999999996637006, 1.2217624170287492e-27, 
3.3625223169717543e-10, 8.093183443781054e-27, 2.697726535888501e-26, 0.9999999996637006, 1.034127739986792e-27, 
3.3625223169717543e-10, 6.850256045251221e-27, 2.2834176011744885e-26, 0.9999999996637006, 8.753094439570439e-28, 
3.3625223169717543e-10, 5.798213794543319e-27, 1.9327370182987102e-26, 0.9999999996637006, 7.408819941362041e-28, 
3.3625223169717543e-10, 4.907741109989349e-27, 1.6359129314970402e-26, 0.9999999996637006, 6.270995162815225e-28, 
3.3625223169717543e-10, 4.1540246110529194e-27, 1.3846742179670208e-26, 0.9999999996637006, 5.307914164540284e-28, 
3.3625223169717543e-10, 3.5160616834718906e-27, 1.1720200096996028e-26, 0.9999999996637006, 4.4927403117177e-28, 
3.3625223169717543e-10, 2.9760752329403295e-27, 9.92024611472126e-27, 0.9999999996637006, 3.802758460704408e-28, 
3.3625223169717543e-10, 2.5190183192051098e-27, 8.396723789639064e-27, 0.9999999996637006, 3.218741992604024e-28, 
3.3625223169717543e-10, 2.132154867006402e-27, 7.107179558066697e-27, 0.9999999996637006, 2.7244170559457504e-28, 
3.3625223169717543e-10, 1.804704770203349e-27, 6.015679750189991e-27, 0.9999999996637006, 2.3060090893859814e-28, 
3.3625223169717543e-10, 1.5275434997681852e-27, 5.091809283876179e-27, 0.9999999996637006, 1.951858988111e-28, 
3.3625223169717543e-10, 1.2929478451043908e-27, 4.309824136155317e-27, 0.9999999996637006, 1.6520982182678633e-28, 
3.3625223169717543e-10, 1.0943807036681975e-27, 3.647933975646806e-27, 0.9999999996637006, 1.398373826360139e-28, 
3.3625223169717543e-10, 9.263089219693947e-28, 3.087694966194729e-27, 0.9999999996637006, 1.183615680887738e-28, 
3.3625223169717543e-10, 7.840491120174683e-28, 2.6134958219407632e-27, 0.9999999996637006, 1.0018394603278558e-28, 
3.3625223169717543e-10, 6.636371468261552e-28, 2.212122792552359e-27, 0.9999999996637006, 8.479798976398809e-29, 
3.3625223169717543e-10, 5.6171769841599845e-28, 1.872391456744308e-27, 0.9999999996637006, 7.177496345868251e-29, 
3.3625223169717543e-10, 4.754507402467956e-28, 1.5848350638718873e-27, 0.9999999996637006, 6.075197527934496e-29, 
3.3625223169717543e-10, 4.02432408732499e-28, 1.3414407391085572e-27, 0.9999999996637006, 5.142186524919558e-29, 
3.3625223169717543e-10, 3.406280186127708e-28, 1.1354262014591775e-27, 0.9999999996637006, 4.3524646117162516e-29, 
3.3625223169717543e-10, 2.8831536562749096e-28, 9.610507727662678e-28, 0.9999999996637006, 3.6840258709564724e-29, 
3.3625223169717543e-10, 2.440367366003784e-28, 8.134554113990978e-28, 0.9999999996637006, 3.118243989352568e-29, 
3.3625223169717543e-10, 2.065582896733554e-28, 6.885273130999419e-28, 0.9999999996637006, 2.639353228049327e-29, 
3.3625223169717543e-10, 1.7483567280548378e-28, 5.827853060354631e-28, 0.9999999996637006, 2.234009104020047e-29, 
3.3625223169717543e-10, 1.4798492248209758e-28, 4.9328284654021375e-28, 0.9999999996637006, 1.8909165407196822e-29, 
3.3625223169717543e-10, 1.2525783171491072e-28, 4.175259124895153e-28, 0.9999999996637006, 1.600515126265601e-29, 
3.3625223169717543e-10, 1.0602110095248996e-28, 3.534035063674752e-28, 0.9999999996637006, 1.354712708740245e-29, 
3.3625223169717543e-10, 8.973869093280819e-29, 2.9912883147013217e-28, 0.9999999996637006, 1.1466599051430014e-29, 
3.3625223169717543e-10, 7.595688573298998e-29, 2.5318950209490846e-28, 0.9999999996637006, 9.705592405936238e-30, 
3.3625223169717543e-10, 6.42916497921099e-29, 2.143054003032388e-28, 0.9999999996637006, 8.215035993751926e-30, 
3.3625223169717543e-10, 5.441792660538285e-29, 1.8139300491808185e-28, 0.9999999996637006, 6.953394861906484e-30, 
3.3625223169717543e-10, 4.6060580893543396e-29, 1.5353519876944422e-28, 0.9999999996637006, 5.885512873533452e-30, 
3.3625223169717543e-10, 3.898673184730987e-29, 1.2995571285464958e-28, 0.9999999996637006, 4.981633068035955e-30, 
3.3625223169717543e-10, 3.299926380969962e-29, 1.0999749528957758e-28, 0.9999999996637006, 4.216568471457468e-30, 
3.3625223169717543e-10, 2.793133356873794e-29, 9.310440229297309e-29, 0.9999999996637006, 3.5690002513581406e-30, 
3.3625223169717543e-10, 2.364172120405881e-29, 7.880570101572996e-29, 0.9999999996637006, 3.020883659002215e-30, 
3.3625223169717543e-10, 2.0010894936861383e-29, 6.670295238023313e-29, 0.9999999996637006, 2.5569452051983278e-30, 
3.3625223169717543e-10, 1.69376803286792e-29, 5.645890841479457e-29, 0.9999999996637006, 2.164257058396719e-30, 
3.3625223169717543e-10, 1.4336441014842643e-29, 4.7788114702927444e-29, 0.9999999996637006, 1.831876805476129e-30, 
3.3625223169717543e-10, 1.2134692412635092e-29, 4.044895608092058e-29, 0.9999999996637006, 1.550542537010747e-30, 
3.3625223169717543e-10, 1.0271081909158196e-29, 3.4236923933868483e-29, 0.9999999996637006, 1.3124147604461681e-30, 
3.3625223169717543e-10, 8.693679246026145e-30, 2.8978917480646026e-29, 0.9999999996637006, 1.1108579494917597e-30, 
3.3625223169717543e-10, 7.358529461769242e-30, 2.452842025083647e-29, 0.9999999996637006, 9.402556425157885e-31, 
3.3625223169717543e-10, 6.22842806910283e-30, 2.0761417344197515e-29, 0.9999999996637006, 7.95853937586064e-31, 
3.3625223169717543e-10, 5.271884336882281e-30, 1.7572939705453585e-29, 0.9999999996637006, 6.736290230827067e-31, 
3.3625223169717543e-10, 4.4622437881775365e-30, 1.4874139119238478e-29, 0.9999999996637006, 5.701750525704816e-31, 
3.3625223169717543e-10, 3.7769454625221275e-30, 1.2589812418743242e-29, 0.9999999996637006, 4.826092395190748e-31, 
3.3625223169717543e-10, 3.1968932456495664e-30, 1.0656305919144376e-29, 0.9999999996637006, 4.084915272976488e-31, 
3.3625223169717543e-10, 2.7059237485666874e-30, 9.019741682005324e-30, 0.9999999996637006, 3.4575659601584056e-31, 
3.3625223169717543e-10, 2.2903559081996996e-30, 7.634516184793135e-30, 0.9999999996637006, 2.926563115545715e-31, 
3.3625223169717543e-10, 1.9386097590532266e-30, 6.462029560331347e-30, 0.9999999996637006, 2.47711013105805e-31, 
3.3625223169717543e-10, 1.6408837528008876e-30, 5.469609995933628e-30, 0.9999999996637006, 2.0966828182899847e-31, 
3.3625223169717543e-10, 1.3888816341876251e-30, 4.6296033201667106e-30, 0.9999999996637006, 1.774680416963142e-31, 
3.3625223169717543e-10, 1.1755812625306421e-30, 3.918602408210216e-30, 0.9999999996637006, 1.5021302004762246e-31, 
3.3625223169717543e-10, 9.950389369368291e-31, 3.316794932883235e-30, 0.9999999996637006, 1.2714374472679936e-31, 
3.3625223169717543e-10, 8.422237726799155e-31, 2.8074112861568935e-30, 0.9999999996637006, 1.0761738108448108e-31, 
3.3625223169717543e-10, 7.128775135683194e-31, 2.376257287263163e-30, 0.9999999996637006, 9.108981913184849e-32, 
3.3625223169717543e-10, 6.03395873918755e-31, 2.0113186561230703e-30, 0.9999999996637006, 7.710051169678912e-32, 
3.3625223169717543e-10, 5.107281036818481e-31, 1.702426230586673e-30, 0.9999999996637006, 6.525964109156027e-32, 
3.3625223169717543e-10, 4.322919780614508e-31, 1.440972598628326e-30, 0.9999999996637006, 5.523725668599052e-32, 
3.3625223169717543e-10, 3.659018427791356e-31, 1.219672249339029e-30, 0.9999999996637006, 4.675408070032905e-32, 
3.3625223169717543e-10, 3.0970770993612016e-31, 1.0323585592265115e-30, 0.9999999996637006, 3.9573726017463707e-32, 
3.3625223169717543e-10, 2.6214370735425377e-31, 8.738119567644709e-31, 0.9999999996637006, 3.3496109160714794e-32, 
3.3625223169717543e-10, 2.2188444491616485e-31, 7.396144769267843e-31, 0.9999999996637006, 2.83518748871824e-32, 
3.3625223169717543e-10, 1.878080820350302e-31, 6.260266528101647e-31, 0.9999999996637006, 2.3997677035696982e-32, 
3.3625223169717543e-10, 1.5896506711411642e-31, 5.298833138806563e-31, 0.9999999996637006, 2.0312184128303226e-32, 
3.3625223169717543e-10, 1.3455167790852664e-31, 4.485053872200882e-31, 0.9999999996637006, 1.719269841975501e-32, 
3.3625223169717543e-10, 1.1388762548065645e-31, 3.796252440786552e-31, 0.9999999996637006, 1.455229418347536e-32, 
3.3625223169717543e-10, 9.639709767454582e-32, 3.2132351148518265e-31, 0.9999999996637006, 1.2317395491167646e-32, 
3.3625223169717543e-10, 8.159271387789375e-32, 2.719755881451366e-31, 0.9999999996637006, 1.042572598993206e-32, 
3.3625223169717543e-10, 6.906194396470671e-32, 2.3020637427028764e-31, 0.9999999996637006, 8.824573546601321e-33, 
3.3625223169717543e-10, 5.845561297693922e-32, 1.948519538684804e-31, 0.9999999996637006, 7.469321402911481e-33, 
3.3625223169717543e-10, 4.947817122344473e-32, 1.6492716175506036e-31, 0.9999999996637006, 6.322204911555246e-33, 
3.3625223169717543e-10, 4.1879458668618923e-32, 1.3959813152764484e-31, 0.9999999996637006, 5.351259209067259e-33, 
3.3625223169717543e-10, 3.5447734122103096e-32, 1.1815905954248835e-31, 0.9999999996637006, 4.5294285020226597e-33, 
3.3625223169717543e-10, 3.000377498510654e-32, 1.0001253741126877e-31, 0.9999999996637006, 3.833812146450025e-33, 
3.3625223169717543e-10, 2.539588314040019e-32, 8.46529049753857e-32, 0.9999999996637006, 3.245026512157908e-33, 
3.3625223169717543e-10, 2.1495657823090835e-32, 7.165215988168669e-32, 0.9999999996637006, 2.7466648500674954e-33, 
3.3625223169717543e-10, 1.8194417681515742e-32, 6.064803112426347e-32, 0.9999999996637006, 2.324840111536904e-33, 
3.3625223169717543e-10, 1.5400172327540977e-32, 5.133388421675213e-32, 0.9999999996637006, 1.9677979801535278e-33, 
3.3625223169717543e-10, 1.3035058987290484e-32, 4.3450176698690404e-32, 0.9999999996637006, 1.6655893329693832e-33, 
3.3625223169717543e-10, 1.1033172823545522e-32, 3.677722588017157e-32, 0.9999999996637006, 1.409793004179845e-33, 
3.3625223169717543e-10, 9.33873047087197e-33, 3.1129087295081185e-32, 0.9999999996637006, 1.1932811259439457e-33, 
3.3625223169717543e-10, 7.904515609641925e-33, 2.6348373283548916e-32, 0.9999999996637006, 1.0100205074736894e-33, 
3.3625223169717543e-10, 6.690563264241942e-33, 2.2301867321323814e-32, 0.9999999996637006, 8.549045177406352e-34, 
3.3625223169717543e-10, 5.6630461629073334e-33, 1.8876811887593163e-32, 0.9999999996637006, 7.236107871436482e-34, 
3.3625223169717543e-10, 4.7933321271498435e-33, 1.597776643118455e-32, 0.9999999996637006, 6.124807629374374e-34, 
3.3625223169717543e-10, 4.057186224555027e-33, 1.3523947881111273e-32, 0.9999999996637006, 5.184177621853459e-34, 
